  4.0038429963360034e-001
 -3.3319099469193492e-001
  0.0000000000000000e+000
 -0.0000000000000000e+000
 -1.6195665848884735e-001
  9.0286052815367890e-002
  0.0000000000000000e+000
  0.0000000000000000e+000
 -0.0000000000000000e+000
  0.0000000000000000e+000
 -0.0000000000000000e+000
 -4.9182497129623104e-001
  0.0000000000000000e+000
  0.0000000000000000e+000
  0.0000000000000000e+000
 -0.0000000000000000e+000
  6.4539962289468478e-001
 -0.0000000000000000e+000
 -0.0000000000000000e+000
  0.0000000000000000e+000
 -0.0000000000000000e+000
 -0.0000000000000000e+000
  0.0000000000000000e+000
 -0.0000000000000000e+000
  0.0000000000000000e+000
 -0.0000000000000000e+000
 -7.4199590035546215e-002
  0.0000000000000000e+000
 -0.0000000000000000e+000
 -0.0000000000000000e+000
 -0.0000000000000000e+000
  0.0000000000000000e+000
  0.0000000000000000e+000
 -0.0000000000000000e+000
 -0.0000000000000000e+000
  0.0000000000000000e+000
  0.0000000000000000e+000
 -0.0000000000000000e+000
 -7.4897760831093396e-002
