  -1.3904053201681333e-02
   1.2368477174868896e-01
   0.0000000000000000e+00
   0.0000000000000000e+00
   1.2293535854964782e-01
  -5.0458830387982367e-01
  -0.0000000000000000e+00
   0.0000000000000000e+00
   0.0000000000000000e+00
   0.0000000000000000e+00
  -0.0000000000000000e+00
   1.4193281549609807e-01
  -0.0000000000000000e+00
  -0.0000000000000000e+00
  -0.0000000000000000e+00
  -0.0000000000000000e+00
   4.4585136187054487e-02
   0.0000000000000000e+00
  -0.0000000000000000e+00
  -0.0000000000000000e+00
   0.0000000000000000e+00
  -0.0000000000000000e+00
  -0.0000000000000000e+00
   0.0000000000000000e+00
   0.0000000000000000e+00
  -0.0000000000000000e+00
   1.5757529182350477e-01
   0.0000000000000000e+00
  -0.0000000000000000e+00
   0.0000000000000000e+00
   0.0000000000000000e+00
  -0.0000000000000000e+00
   0.0000000000000000e+00
  -0.0000000000000000e+00
   0.0000000000000000e+00
  -0.0000000000000000e+00
  -0.0000000000000000e+00
   0.0000000000000000e+00
  -7.2221016723489018e-02
