   9.9721623903570378e-01
  -2.6810134934183100e-01
  -0.0000000000000000e+00
  -0.0000000000000000e+00
  -1.0011112847094092e-01
   1.5975727022596573e-01
  -0.0000000000000000e+00
  -0.0000000000000000e+00
  -0.0000000000000000e+00
  -0.0000000000000000e+00
  -0.0000000000000000e+00
   6.6457239232734916e-02
  -0.0000000000000000e+00
  -0.0000000000000000e+00
  -0.0000000000000000e+00
  -0.0000000000000000e+00
   8.8345649224000553e-02
  -0.0000000000000000e+00
  -0.0000000000000000e+00
  -0.0000000000000000e+00
  -0.0000000000000000e+00
  -0.0000000000000000e+00
  -0.0000000000000000e+00
  -0.0000000000000000e+00
  -0.0000000000000000e+00
  -0.0000000000000000e+00
   4.0603288748744450e-02
  -0.0000000000000000e+00
  -0.0000000000000000e+00
  -0.0000000000000000e+00
  -0.0000000000000000e+00
  -0.0000000000000000e+00
  -0.0000000000000000e+00
  -0.0000000000000000e+00
  -0.0000000000000000e+00
  -0.0000000000000000e+00
  -0.0000000000000000e+00
  -0.0000000000000000e+00
   1.5832791345622595e-02
