  4.0242299881592769e-001
  1.9782612100902316e-001
 -0.0000000000000000e+000
  0.0000000000000000e+000
  2.8669804388142089e-001
  1.2226243987074124e+000
 -0.0000000000000000e+000
 -0.0000000000000000e+000
  0.0000000000000000e+000
 -0.0000000000000000e+000
  0.0000000000000000e+000
 -2.2806752781865883e-001
 -0.0000000000000000e+000
 -0.0000000000000000e+000
 -0.0000000000000000e+000
  0.0000000000000000e+000
 -4.9676577574616188e-001
  0.0000000000000000e+000
  0.0000000000000000e+000
 -0.0000000000000000e+000
  0.0000000000000000e+000
  0.0000000000000000e+000
 -0.0000000000000000e+000
  0.0000000000000000e+000
 -0.0000000000000000e+000
  0.0000000000000000e+000
 -1.5832929186409417e-001
 -0.0000000000000000e+000
  0.0000000000000000e+000
  0.0000000000000000e+000
  0.0000000000000000e+000
 -0.0000000000000000e+000
 -0.0000000000000000e+000
  0.0000000000000000e+000
  0.0000000000000000e+000
 -0.0000000000000000e+000
 -0.0000000000000000e+000
  0.0000000000000000e+000
 -2.2640896698486923e-001
