  9.0417364982991622e+000
 -1.4904728417170487e+000
  1.5974214139958673e-001
 -6.7280092703418282e-001
  2.5815237629225360e+000
  1.4803855620964502e+001
  1.1790755915990743e+000
 -1.1375962405812288e+000
  9.5360351112089470e-001
 -4.7705337450400653e-001
 -1.6228858390850726e-001
 -8.3280636160595840e+000
 -1.0084671553876550e+000
  1.4183365685082470e+000
 -1.5110703270383334e+000
  1.5285671537217600e+000
  4.0291403040830742e-001
  1.0934150068940525e+000
 -7.4544108021094546e-001
  2.2843156744080906e-001
  2.1980723415352368e-001
 -5.2812636120050604e-001
  7.2034288793707335e-001
 -8.3621265577290094e-001
  8.4199656427148184e-001
 -7.5185447187543253e-001
 -2.2388021017919799e+000
 -2.9148918477230779e-001
  2.6943417971140665e-002
  1.2637372865343008e-001
 -2.6390566667350174e-001
  2.1531845301239042e-001
 -1.5232063128469958e-001
 -1.9313796641287906e-003
  2.4742516071996656e-001
 -4.5865645246007691e-001
  5.2502176260440636e-001
 -8.1345876423215469e-001
 -2.9986745479531880e+000
 -6.4201241611208171e-001
  5.8491221974015495e-001
 -5.4683337752724659e-001
  2.7913392212245813e-001
 -1.8383026104596759e-001
 -9.3476000354868222e-002
  3.0282310574370130e-001
 -2.6868164842344189e-001
  2.2308292294033491e-001
 -2.9782748956268573e-001
  9.2850012458490561e-002
 -4.0018836540255065e-002
 -1.4796379679383440e-001
  2.5867731100141744e-001
 -2.2931314161131905e-001
  2.6132432375539921e-001
 -1.4044410625601586e-001
  7.1562249036982273e-002
 -1.5826811270278407e-002
 -2.4468607201636455e-001
  1.2453748763435846e-001
 -1.5020215695425274e-001
  2.0008553852152222e-001
 -1.5040405817688920e-001
  1.1427519280996279e-001
 -3.7038520227909849e-002
 -1.1721457741013364e-001
  1.5877370012979519e-001
 -2.5837487483173122e-001
  7.8458698876650385e-002
 -1.3385519586371947e-001
  2.4588148916125743e-001
 -2.9354648951298988e-002
 -9.5477901150002903e-002
  1.1052389950042281e-001
 -2.4246504113996373e-001
  2.0862293265527562e-001
 -2.7386732163305644e-001
 -2.8595537603098159e-004
 -1.0949001712516575e-001
 -1.7680119733127588e-002
  5.6780274888099676e-002
 -3.0187047239749842e-001
  2.0620015006174919e-001
 -2.9416022140468856e-001
  1.0495223024550497e-001
 -2.2420313030032002e-001
 -1.0896683602961021e-001
 -3.6422120663930566e-002
 -4.0134887392757551e-001
  1.8403570942467090e-001
 -6.0599090138693557e-001
 -4.7111459362629504e-002
 -3.6972275676005484e-001
 -1.6190228918383220e-001
 -2.3899757660692780e-001
 -7.2709631802917274e-001
  4.7971921998332723e-002
 -1.1467382401293333e+000
 -9.4047872712022529e-003
 -1.6037330247435360e+000
 -1.4048435937556629e+000
  3.8265615108914419e+000
  2.2561662831199487e+000
 -2.9869685275296947e+000
  2.3061425912718532e+000
  1.2896952383171401e+001
  5.8933836350359057e+000
 -5.7139058405159232e-002
  2.6629346447756226e+000
 -2.4482491842792553e-001
  1.2987198321858069e+000
  2.6792912144440821e+000
  3.2681831140062148e+000
  4.6041718221278627e-001
  2.5128045975091542e+000
  3.3342152600719319e+000
 -1.0065385260394113e+001
 -5.1662721524410689e+000
  1.5582196130535062e+000
 -1.8270952063751571e+000
  9.5697040160788727e-001
 -6.8509690085569031e-001
  2.4185121705188969e-001
  2.1751711989368544e-001
 -2.2645612638289700e-001
  6.9908845589631674e-001
 -1.1443225701637318e+000
  1.4388210165285031e-001
 -2.3444988188249294e-001
  1.0333222091802961e-001
  1.2514386346593084e-001
 -2.2303670214389898e-001
  3.5733678318641382e-001
 -2.1225982781734634e-001
  5.3607198813766255e-001
 -1.4387212532926913e-001
  4.4646461243067598e-001
  3.5798352141415835e-001
 -1.3354575497327101e+000
 -5.8072252973276162e-001
  1.5068643333994247e-001
 -3.5799547593690223e-002
 -1.6365026085363626e-001
  1.7424780940867396e-001
 -5.0711883247361457e-002
  1.5811801146502569e-001
  2.4570344033828587e-002
  2.4846890262461112e-003
  2.5448527448911545e-001
 -6.2501124191213453e-002
  3.0438712993009864e-001
 -7.4374952411456578e-003
  2.8244050697785600e-001
 -8.3503347507005027e-003
 -5.7464958127453121e-002
  2.8917648668519863e-001
 -1.8164034878116905e-001
  2.9695509864506581e-001
 -7.5977058894336424e-002
  2.0127983998767024e-001
 -9.9730871327225745e-003
 -2.1439302316425310e-002
  3.5170960911819493e-001
 -1.3274044284237471e-001
  4.1039540527525054e-001
 -5.1615515561250880e-002
  1.9942421987272477e-001
  1.2160304732535235e-001
  7.8266865430222349e-002
  2.7124092410625039e-001
 -4.9042013873541346e-002
  5.0478572670686428e-001
 -3.6352526497413301e-002
  3.9285668233259607e-001
  2.6437610431400888e-002
  3.2872497204966017e-002
  2.7905685355476689e-001
 -1.2431156353047418e-001
  5.0453805527528828e-001
 -1.3345322566469467e-001
  5.4833507951444693e-001
  2.9792845229918347e-002
  1.8643193285217791e-001
  4.9080717512003846e-001
  1.6265704701448169e-002
  8.4978934571258835e-001
 -1.4092422642900421e-001
  7.7916767314776747e-001
  6.9817440753513704e-002
  4.7655364705339148e-001
  7.0893489690737810e-001
 -3.0708537081672954e-002
  1.1194728444229374e+000
 -3.6641271747297288e-001
  1.5550008024589530e+000
  1.1736396325972218e-001
  1.3867816576553096e+000
  1.2941996912165044e+000
  6.7224693837962024e-001
  5.7586672277450299e+000
 -5.2048150655248815e+000
 -3.2191842386637504e+000
  2.1251238503001879e+000
  4.2096466266617588e-001
  6.4732734399398666e+000
 -9.0426305475916333e+000
 -1.0108982199068320e+001
 -8.8554208614552576e-001
 -4.0680553003758968e+000
 -1.6882732998420995e+000
 -5.2340452642228312e+000
  2.5394894644527062e+000
  5.2242965065088756e+000
 -1.6167356838870321e+000
  1.6568275313683083e+000
 -1.6499091600227911e-001
 -5.7365057621199023e-001
 -1.1942870018688241e+000
 -7.0923040209859645e-001
  2.3737423295791904e-001
 -1.2486493098774207e+000
  3.5576764223742097e-001
 -1.0934050791586505e+000
 -1.1444152427472908e-001
 -6.5466481533928722e-001
 -1.6553389192476762e+000
  1.3044188034630537e+000
  9.2726000389152152e-001
  2.0686499848530226e-001
 -1.6292290210830271e-001
  7.8124932207069814e-002
 -9.1734977533010242e-002
 -2.9174360527045839e-001
  9.5123283912582429e-002
 -6.7791416229554635e-001
 -4.8840050585497938e-002
 -6.6317390252482622e-001
 -1.4418630954235585e+000
  1.5569504873197120e+000
  2.2045119717201018e+000
 -5.7810881849338885e-002
  5.3498441534903118e-001
  3.5190362892812027e-001
 -1.3585015707174297e-003
  5.8866940475121154e-001
 -1.9456780617083730e-001
  2.7915363741819282e-001
  9.4125264322550417e-004
  1.2405545562649198e-001
  2.9172664025571682e-001
 -1.0330975393271702e-001
  4.2935900941786198e-001
 -1.3701309102704423e-001
  2.2536713769620115e-001
  2.2770516166524257e-002
 -2.9410283215198396e-002
  1.8950195589914060e-001
 -1.6988928365842024e-001
  3.5355110626695652e-001
  1.3897305435284446e-002
  2.1881272601319432e-001
  1.5410291557172551e-002
  5.9754712674479293e-002
  1.6076998222789723e-001
 -1.0837131872756345e-001
  3.1610951373225565e-001
 -1.1974597497574838e-001
  2.2125185715632872e-001
  1.3416702984103143e-001
  1.9550053695305636e-001
  1.0648635216471876e-001
 -1.4971585128961135e-001
  2.9781828752449158e-001
 -1.2110279405284941e-001
  2.9560493552237666e-001
 -1.4830501378860023e-002
  1.0278001448901211e-001
  2.8063668931401642e-001
  6.9370236566338339e-002
  3.3508051201421690e-001
 -1.0599294517286861e-001
  4.2932971036063827e-001
  4.1632237441552505e-002
  2.2327739086642970e-001
  2.4133737343902123e-001
  7.1986112454454798e-002
  4.7917894632832070e-001
 -2.6982384296053458e-002
  6.2813663861173830e-001
  6.0265707508942709e-002
  4.6390467607565611e-001
  5.9223508756482768e-001
  3.6550638359019327e-001
  7.8536695661158640e-001
  1.9924213684368677e-001
  1.2404714860823827e+000
  4.7114134277881375e-001
  1.3532736620963970e+000
  1.3128761119736698e+000
  1.4303860957633734e+000
  4.9008066776147698e+000
  1.4882402060459510e+000
 -1.9829514948437073e+000
  3.2709480190266023e+000
  7.2907212752561588e+000
 -4.0768270171054368e+000
 -9.5816438998528994e+000
 -2.0124728288188636e+000
 -3.2030665682645525e+000
 -1.8363086408263620e+000
 -3.7177228641056365e-001
 -2.1235215197493811e+000
 -3.8142348575233762e+000
 -3.4633489958438082e+000
 -1.9909943889385318e+000
 -9.7162855977899643e+000
 -9.3564553881437618e-001
  7.6066025781351101e+000
 -3.2660865529861122e-001
  1.2642539872451741e+000
  2.4397515565077335e-001
 -2.7494911688928719e-001
  6.2830366430516016e-001
 -8.7008543636795499e-001
  4.5851830239362490e-001
 -1.1538031896555119e+000
  1.6258308995094778e-001
  2.8042060567282479e-001
 -2.1129864651818339e-001
  2.2894641125616508e-001
 -5.1580216513923005e-001
  2.5814972743219211e-001
 -4.0639517889135590e-001
  5.3301459602093759e-002
 -3.6222322252030703e-001
 -3.7757094643227912e-001
 -1.4484144499056748e-001
 -1.3815151384757653e+000
  8.0813399797876828e-002
  8.2375944862309503e-001
  1.0448726108825099e-001
 -1.0144145133813504e-001
  1.8962885241945873e-001
 -3.9344507536622331e-002
 -4.1709588420394933e-002
 -4.8598636678302554e-003
 -1.9915121761082957e-001
  1.3530040876085578e-001
 -2.6359118094017869e-001
  1.7604078121247341e-002
 -1.8862545423419380e-001
 -1.5530830889864963e-001
 -1.5142852806578491e-001
 -3.6418815081049610e-001
  1.6255929973232425e-001
 -3.7396770515449063e-001
  3.0830781171860694e-002
 -1.6903365525621528e-001
 -1.6596330874435172e-001
 -4.8501359640128278e-002
 -2.9594525937870408e-001
  2.1249179949137387e-001
 -3.8060600656824950e-001
  4.4686261020984774e-002
 -2.2712913652145195e-001
 -2.3534826942547626e-001
 -8.9834681256079491e-003
 -3.2931727246340969e-001
  5.1027576476301378e-002
 -3.7865230797684246e-001
  7.8263101273031321e-002
 -3.6311497104071666e-001
 -2.2397042495147693e-001
 -2.0142929119709543e-001
 -4.6374102090358249e-001
  1.0967755306287016e-001
 -4.6448644034271286e-001
  1.3189489377342450e-001
 -3.8436203621890946e-001
 -8.7722700033282558e-002
 -1.8789813373369824e-001
 -4.8247611323174522e-001
  1.9031885651625635e-001
 -6.4533457532404559e-001
  1.2308872439966360e-001
 -7.1179736444312180e-001
 -2.3360943029070502e-001
 -3.4504342613760153e-001
 -6.7531243606267055e-001
  8.0408978289374988e-002
 -1.1675671223652955e+000
  1.0141767267723990e-001
 -1.1437028169225687e+000
 -9.2203842209189979e-002
 -6.9740927370454342e-001
 -1.1770313538765782e+000
 -1.4405491859437447e-001
 -2.7172614101171573e+000
  5.4661739660555952e-001
 -6.7987887075678177e+000
 -3.8369214327742798e+000
  4.7096570803808060e+000
 -2.2848659916997738e+000
  2.5183626436800743e-001
 -9.0547972028624049e+000
 -5.7612250733728736e+000
  8.9299066074692490e+000
  2.0231383267267526e+000
  3.1144517892550043e+000
  2.1653266743461081e+000
  5.3963338481313379e+000
  5.7885741516068761e+000
 -4.2158293511212186e+000
  1.9839911537878246e-001
 -1.4575720432997319e-001
 -1.3635762377194798e+000
  1.7073654580368058e-001
  1.0087199497477209e-001
  1.4546714823095421e+000
 -4.6580580039872854e-001
  1.0288420757238963e+000
  1.7235871896308516e-001
  3.7306219122157602e-001
  9.5065418004762980e-001
 -1.8733174893219376e-001
  2.4071933911231076e+000
  9.3438329832892353e-001
 -6.3577081911921396e-001
 -2.3380841645644357e-001
  3.6549173454873407e-002
  1.8578073446643209e-001
 -1.2358347547938026e-001
  4.4406423655515864e-001
 -9.3191904248453111e-002
  4.3048900157557868e-001
  5.0749650304557403e-001
  1.3815213992041936e-001
  2.2553218596557119e+000
  1.4417240606334769e+000
 -1.5624995556080206e+000
 -5.2710133789081615e-001
  1.1848962178216099e-002
 -6.3103755105057835e-001
  1.8518876261668554e-001
 -4.9519340439634318e-001
 -1.0825529957286462e-001
 -1.0471988994750089e-002
 -2.2402417558355997e-001
  1.7377203393619353e-001
 -3.8457665271420688e-001
  1.4332859047297214e-001
 -2.8139521262402745e-001
 -1.2166421997437286e-001
  3.9460039151180820e-003
 -2.8409483992192358e-001
  1.6985438947121406e-001
 -2.6106420493612259e-001
  1.8571609492869906e-001
 -1.0886503425059207e-001
 -1.3843479306964335e-001
 -6.8610569058941001e-002
 -2.1549583007869416e-001
  9.0649345502410494e-002
 -2.7504517503785919e-001
  1.4540983895547377e-001
 -1.9889493632212218e-001
 -3.9027725154047399e-002
  3.7123017675402298e-002
 -2.1262572871768140e-001
 -6.1645341089336503e-002
 -3.5236784132597671e-001
  1.7907050024091092e-001
 -2.0234038637448828e-001
  1.0578894552427331e-002
 -5.3139894382412206e-002
 -1.9379243127641527e-001
  1.7108730714404335e-001
 -2.8035073393798565e-001
  4.0119780558827894e-002
 -3.1740039228108918e-001
  4.9212670284769972e-002
 -1.2745923796314096e-001
 -2.4783238750330158e-001
  7.0882830538258945e-002
 -3.4628960368452871e-001
  1.5221701784586517e-001
 -3.7021211029871010e-001
  6.3404504959984787e-002
 -2.2678776468416442e-001
 -2.4430141693361343e-001
  1.4208622531128060e-001
 -5.4512362820219862e-001
  4.2163731698605378e-003
 -6.2346466742775242e-001
  3.9755439763241224e-002
 -5.1337516805321293e-001
 -5.1911326477714803e-001
 -2.0653542196706151e-001
 -1.3034713247024667e+000
  1.7334692898016163e-001
 -3.4959630838591074e+000
 -5.3148017169373913e+000
 -2.7321478827624079e-001
 -2.8397949149690904e-001
 -9.5968638665280075e+000
 -8.8201253660659660e+000
  3.6882602648169946e+000
  2.0696118872240250e+000
  5.4013192348893080e-001
  2.0811335592542881e+000
 -9.2694754577524374e-001
 -5.5576969469469995e-001
  5.4605174351716268e-001
  3.0029318136310219e+000
 -5.2181020857062288e-001
  6.3820703377180310e+000
  1.1001030799208495e+001
 -2.4403304256940364e+000
 -1.2316109577548962e+000
  5.6284121912998386e-001
 -1.2009455572586607e+000
  9.6004601774497744e-001
 -8.7015488135704988e-001
  6.5256831647426994e-001
 -2.3206217601072743e-001
  4.5471473375919552e-001
  9.8173948021278401e-001
 -4.2430270732567549e-001
  4.4574852840067664e-001
 -3.3227863217419479e-001
  3.9065830167329912e-001
 -3.5113025288293791e-002
  4.9058395704941832e-002
  1.5895836821525264e-001
 -1.7384876561735513e-001
  5.2144307176154792e-001
 -3.0162316744010848e-001
  1.0235316170616064e+000
  1.2546441499348326e+000
 -2.4303691889033496e-001
 -2.5517369442819382e-001
  1.3724099893182534e-001
 -2.5978591565821912e-002
 -1.3490330187205168e-001
  9.2421471667756661e-002
 -1.5325814779719488e-001
  1.7458087357700133e-001
 -1.3778509778710196e-001
  9.1059064510628229e-003
  4.4897046069965529e-002
 -1.1576167569590479e-001
  1.6274580413979467e-001
 -1.3101197891207045e-001
  3.7253848556119634e-001
 -1.0509434160487158e-001
  8.4791218469291441e-002
  1.5080956760930819e-001
 -1.2792144338884945e-001
  2.4194036763868818e-001
 -1.5277848034754216e-001
  3.0591834651142641e-001
 -1.9105249717494743e-001
  2.8896397450053568e-002
  8.8054181821389910e-002
 -1.8326626875379826e-001
  2.8696378498672687e-001
 -1.9044075174711764e-001
  2.0771422513805732e-001
 -1.2929444190652342e-001
  1.0741138387059204e-001
 -2.9221087399489948e-002
 -1.4167075566614712e-001
  2.6032295144889112e-001
 -1.9142739113550078e-001
  4.3730341047218224e-001
 -1.4255005026783574e-001
  1.8542958678794641e-001
 -7.5833302429499372e-003
 -1.2017601905637865e-001
  2.2117592569797787e-001
 -3.6043694578074836e-001
  4.5268326800182623e-001
 -3.7675078936843548e-001
  1.5452740020400743e-001
 -1.3935442910110962e-001
 -1.3799198126946749e-001
  3.7453365671970973e-001
 -4.3412424701016800e-001
  6.0549499530915674e-001
 -5.5696262534276275e-001
  4.5863222545791815e-001
 -7.0709135595565437e-002
  2.4229972499632990e-002
  4.5861655968216125e-001
 -8.5759152875441258e-001
  1.0596673906168572e+000
 -1.2427267390609356e+000
  1.4230617189006498e+000
 -1.2188643349851784e+000
  1.0401214798227896e+000
  9.1981268357534560e+000
 -1.3926851875200148e+000
  2.8984819985164539e-001
 -6.5969756392967671e-001
  2.6078620127063861e+000
  1.4907255439948466e+001
  1.2718131644449324e+000
 -1.0846138593805126e+000
  8.5318705937858119e-001
 -5.1888072834634602e-001
 -1.2414650488374233e-001
 -8.3262434758047927e+000
 -9.6400357011801618e-001
  1.4168587937804236e+000
 -1.5509368598391855e+000
  1.5254468105871415e+000
  4.4968029143936966e-001
  1.0288632797147081e+000
 -8.0223752233230428e-001
  3.1063995020713309e-001
  1.2918908097723944e-001
 -5.5707198409855829e-001
  7.8258779229181552e-001
 -8.8435427721456006e-001
  8.7641734755526757e-001
 -7.7181841763270487e-001
 -2.2985574947091889e+000
 -2.9977643504245183e-001
  3.2441647501654541e-002
  1.4813648192193515e-001
 -2.4331253946486051e-001
  2.9053321888257821e-001
 -1.2399017569736875e-001
 -4.9101283289360670e-002
  1.9508122056657240e-001
 -4.1956964676762631e-001
  6.6172137188352187e-001
 -6.3201118693301295e-001
 -2.9166482003828835e+000
 -7.7741600382813991e-001
  6.7245681801957480e-001
 -3.9472855882042313e-001
  2.0867822637421449e-001
 -1.3842884093450819e-001
 -1.4909677986198069e-001
  1.4901882757045262e-001
 -2.7863557930418587e-001
  3.1890102757461536e-001
 -2.2196851726816991e-001
  2.8048929516726523e-002
  1.8568012768796244e-002
 -1.0089548212148478e-001
  1.7131385012931724e-001
 -2.6503111269112151e-001
  1.1283906013552214e-001
 -2.6357341816138341e-001
  8.5291449758403942e-002
  8.8851745809700067e-002
 -5.0396824889751626e-002
  1.4432923566892700e-001
 -2.6454720595615622e-001
  1.1509541794555087e-001
 -2.1065026437685080e-001
  6.0339008704881583e-002
 -1.5419101723694900e-001
 -1.6646897540140371e-001
  2.0252084125931458e-001
 -2.1369356302397668e-001
  1.7813353489125450e-001
 -1.1935187967255365e-001
  7.6971372814598732e-002
 -1.4446160300959729e-001
 -7.7573407180887774e-002
  7.3687614890367029e-002
 -2.6122153467967962e-001
  2.4401584092175874e-001
 -2.6570697725734016e-001
  8.7981449892275868e-002
 -1.4829005623029309e-001
 -1.3883080081426982e-001
  1.2172371022526657e-001
 -3.1631772408259456e-001
  1.1889870522391760e-001
 -2.9137793415488400e-001
  8.1245466270532460e-002
 -2.4975913541633510e-001
 -7.1121508206677536e-003
  6.8872045491972830e-002
 -5.1748629827628134e-001
  1.3376187317623323e-001
 -4.6281893747768799e-001
 -4.8814365263774834e-002
 -4.1738642932638348e-001
 -1.6460393522895947e-001
 -2.8070024934968729e-001
 -6.5928101628214164e-001
  1.0277256188367556e-001
 -1.1522140350298162e+000
  3.0344975312024097e-002
 -1.5556875423799061e+000
 -1.2702354536849294e+000
  3.7615073787595179e+000
  2.1426463485462865e+000
 -2.7928090904195506e+000
  2.3719665597800281e+000
  1.2925234008197339e+001
  6.0054932881205199e+000
 -2.3628674679056522e-002
  2.7030397754742643e+000
 -1.2293203046155660e-001
  1.5350026229272848e+000
  2.6962212690931264e+000
  3.2378336196682165e+000
  4.1207452745756501e-001
  2.3346648640912133e+000
  3.4805941642994349e+000
 -1.0002712968546918e+001
 -5.3168542202729521e+000
  1.5064221242253986e+000
 -1.8752643355533496e+000
  1.0310714699280923e+000
 -4.8168688633768814e-001
  3.2969055704694417e-001
  6.3593218113948580e-002
 -1.8296223350950058e-001
  8.4898573416635581e-001
 -1.2066472062497275e+000
  1.9887367676597636e-001
 -1.5544806229766639e-001
  1.2377390785585277e-001
  2.1048869903668979e-001
 -7.7499094736299401e-003
  4.8649770311144758e-001
 -2.3375962334644118e-001
  5.8639429433986023e-001
 -1.6982565282740594e-001
  4.6318575299296982e-001
  2.9785060003979769e-001
 -1.3752129209459787e+000
 -5.2333776677727184e-001
 -3.5542605347899825e-002
 -2.1868513218832569e-002
 -4.5606684298676523e-002
  2.2863067913795573e-001
 -7.4641025271619879e-003
  1.1405578436306310e-001
  1.6613980531581141e-001
  4.6460873693265486e-002
  2.0029306167155064e-001
 -1.2305947858753813e-001
  2.9149607280715334e-001
  6.8664207525963541e-002
  1.6164413949560100e-001
  1.2225494749229175e-002
  6.2800138021612342e-003
  2.6008782684015419e-001
 -1.1977990870115243e-001
  3.1510733064910929e-001
 -5.1121502678874178e-002
  2.0911804329891256e-001
  9.8713673652390713e-002
  4.5787820303948429e-003
  2.5754215419039017e-001
 -1.0403747959145977e-001
  3.5059840836547251e-001
  2.4305722477545949e-002
  3.4082109451062198e-001
  5.6957369641455535e-002
  7.8918552986045026e-002
  3.2868991432640227e-001
 -8.1824505585823437e-002
  3.9155856457513005e-001
 -1.0619498685486602e-001
  3.9627566446261336e-001
  8.1170097277873804e-002
  1.6098847271389241e-001
  3.9842114382816085e-001
 -6.3506482814065845e-002
  5.4181291500828122e-001
 -9.0620379959175101e-002
  4.6967712277735452e-001
  4.1532117120198775e-003
  3.4688823011101921e-001
  4.1778920823280857e-001
 -1.5739838953491070e-001
  8.7866980373836290e-001
 -1.4289323034942142e-001
  7.6579571700965232e-001
  8.7897080625777668e-002
  3.8668511800980632e-001
  6.5394763525492039e-001
  7.9517568492521645e-002
  1.2865614884578416e+000
 -2.5048293287984702e-001
  1.6037920590012344e+000
  1.7420234616715838e-001
  1.4409917029542421e+000
  1.3395904235568259e+000
  8.2807069768180397e-001
  5.8452025258325344e+000
 -5.2677611400033095e+000
 -3.2513087975492283e+000
  2.0271379798433391e+000
  3.5549466824379861e-001
  6.4971975887141458e+000
 -9.0966841798456848e+000
 -1.0201006667936060e+001
 -1.0270895526945514e+000
 -4.0939963122152090e+000
 -1.6136120282066762e+000
 -5.2531230046905852e+000
  2.5380025868048497e+000
  5.1918797610650449e+000
 -1.6670078887736999e+000
  1.6664971450696908e+000
 -1.3944663202923158e-001
 -6.2168008828697652e-001
 -1.2242520492971030e+000
 -6.0719558314347599e-001
  1.8563782523877523e-001
 -1.2570876249028837e+000
  4.6712286916760926e-001
 -1.1379594611227186e+000
 -8.7835223492802192e-002
 -6.4366814476294232e-001
 -1.6845769998372944e+000
  1.3682392734273741e+000
  9.7802885523989747e-001
  2.5082417644364119e-001
 -1.4089131719693199e-001
  1.1267705628371283e-001
 -1.0780159566716493e-001
 -3.4768454525036874e-001
  1.0955091153869030e-001
 -5.8762948499428302e-001
  4.8920927859789604e-002
 -6.6134560520348695e-001
 -1.5492797884432552e+000
  1.3598773106220376e+000
  2.2380035657009536e+000
  1.6195168600990115e-002
  3.3777186669486486e-001
  3.0901339860678734e-001
 -4.5104281667997237e-002
  4.8890977506439781e-001
 -9.1175861788216572e-002
  3.8373757740725023e-001
 -2.1733561188907458e-003
  8.6284797618831621e-003
  2.9005711125537825e-001
 -9.8653998344107097e-002
  2.9231876171837845e-001
 -1.5023463776616502e-001
  2.0208917787388711e-001
  5.4992299697641273e-002
  1.4306980855544946e-001
  3.0197627834830287e-001
 -1.2456869080470648e-001
  2.1243930094173452e-001
 -1.6847426259708415e-001
  2.0290586037969355e-001
  4.9921122902724852e-002
  9.8803605982058451e-002
  1.7703466224047337e-001
 -2.6063504552740063e-002
  4.5201775716806614e-001
 -7.4369986101207736e-002
  2.3822362550276877e-001
  7.5148529727519259e-002
  6.1804188722344333e-002
  1.3270305842204738e-001
  8.1164103231336215e-003
  3.5339831675347511e-001
 -8.4849730777409482e-002
  3.8477591404758327e-001
  3.9027845272100181e-003
  1.4163492771996952e-001
  2.4295437491930608e-001
 -3.3284216015461165e-003
  4.6353587110288258e-001
 -6.8815356678753020e-002
  3.8688331628970229e-001
  1.3471990333926676e-001
  2.8677374982960824e-001
  2.8562895339506866e-001
  1.8045166080406741e-001
  5.2285429513628101e-001
 -1.4264538677980287e-001
  6.3745754702137014e-001
  2.3462221710898418e-001
  4.3782842246401654e-001
  5.3117248295028452e-001
  4.3081231860621677e-001
  8.1643461161053443e-001
  2.9083097987773854e-001
  1.3005535424763759e+000
  4.4262938331007040e-001
  1.3985168200190796e+000
  1.3436103210489274e+000
  1.4692999901275796e+000
  4.8275701518036520e+000
  1.4222288150861013e+000
 -1.7638864548028694e+000
  3.2910914907687481e+000
  7.2040624345945927e+000
 -4.0260047411998485e+000
 -9.6315686247202059e+000
 -2.0370802328315811e+000
 -3.1834876417030480e+000
 -1.8225741945163796e+000
 -5.5834363026950884e-001
 -2.3136558034614718e+000
 -3.8445461749617516e+000
 -3.5519574361638910e+000
 -1.8299589686672093e+000
 -9.6710372894697887e+000
 -1.1188125688419077e+000
  7.6646023166661319e+000
 -2.3495641260701314e-001
  1.3795227152697993e+000
  3.5352399861971073e-001
 -3.4668838159854098e-001
  4.4257344873914939e-001
 -8.1806290026269357e-001
  5.9808620454437589e-001
 -1.2762124194711426e+000
  1.7455089462314116e-001
  3.3897303167605614e-001
 -2.5868671534513926e-001
  2.4426042994617445e-001
 -4.8234747298906577e-001
  1.6090548999015344e-001
 -6.2643944534595075e-001
 -1.2725096808768155e-002
 -4.4544444273844019e-001
 -4.3915604109800122e-001
 -1.8780803344536073e-001
 -1.4343355495037708e+000
  1.5409645665425692e-001
  7.1637053878680490e-001
  1.7721173410334520e-001
  6.0778353908884558e-002
  1.3234072256221516e-001
 -7.0174358548293597e-002
 -1.2515636994867330e-001
  4.4621850664517709e-002
 -2.4501872380179129e-001
 -1.7209471648804903e-002
 -2.8587872310116991e-001
  2.4536747558993627e-002
 -1.1894751334207623e-001
 -2.4595233850306009e-001
 -1.2290742146016312e-001
 -2.6643845183131670e-001
  9.4053117624431304e-002
 -3.3816889772878567e-001
  1.7426033473420616e-002
 -1.9454247873127314e-001
 -1.8076319469817942e-001
 -3.7880220400961229e-002
 -3.4096580108159413e-001
  7.4157189548781921e-002
 -3.3311992549223801e-001
  4.1443842523449417e-002
 -1.9267140166201852e-001
 -1.6908967382732648e-001
 -1.6624071853097316e-001
 -3.7448930665891839e-001
  8.3113741263781224e-002
 -4.5102285767035472e-001
  1.1560463143577317e-002
 -3.2225400792653791e-001
 -1.1422574641232995e-001
 -1.2032539530930626e-001
 -4.0493195772875251e-001
  8.7958748939064774e-002
 -5.5987038633842579e-001
  3.8478481851261584e-002
 -4.4791771233267363e-001
 -1.8849624829876357e-001
 -2.2306244432549013e-001
 -3.9111349078286456e-001
  6.3559999272309819e-002
 -7.9075358486160929e-001
  2.5220081191131866e-001
 -6.5687269912170343e-001
 -2.5232033143618754e-001
 -3.0942896300377704e-001
 -7.0238249375756445e-001
  1.2117540303346275e-001
 -1.0113528070737476e+000
  1.7461154881416238e-001
 -1.2052200595303646e+000
 -2.0174955214184001e-001
 -7.6883937063960739e-001
 -1.2262112910624290e+000
 -2.1317961861734575e-001
 -2.7431378854938582e+000
  4.3357884338265207e-001
 -7.0206603860339944e+000
 -3.9303656957501460e+000
  4.6439939850692422e+000
 -2.3169861796949811e+000
  3.0420289568587933e-001
 -9.1050596014205301e+000
 -5.8105712601027779e+000
  8.9291935034911294e+000
  2.1117034120750624e+000
  3.2408092528366299e+000
  2.1324927565530225e+000
  5.3772695095743348e+000
  5.7882408889999457e+000
 -4.2278761909470255e+000
  2.5014909499327426e-001
 -1.1556028523050491e-001
 -1.3860001785579052e+000
  1.7199979684760325e-001
  1.9538876958239476e-001
  1.4094331054757814e+000
 -4.9627777544590834e-001
  1.1278985439256437e+000
  8.9949114930949620e-002
  3.5537166883090276e-001
  9.7218950070736243e-001
 -2.3274920279232592e-001
  2.4563954174699969e+000
  9.3031822128181474e-001
 -6.7825242019744503e-001
 -2.8326582394529654e-001
 -7.2451647250026674e-003
  1.3063548318114773e-001
 -1.8273162321541331e-001
  4.7167472094773799e-001
 -6.0449628249329757e-002
  3.9254826442770896e-001
  3.7064871890783591e-001
 -3.7576668003583280e-004
  2.1812909753762697e+000
  1.5567708897608459e+000
 -1.4605875618728137e+000
 -6.8865198662056526e-001
  5.6956692125559150e-002
 -5.1769162498100152e-001
  1.8353312260250529e-001
 -3.3981299520241676e-001
 -5.7842965782235876e-002
 -1.0510199810306363e-001
 -3.1672767145572445e-001
  2.1334003750628666e-001
 -3.1810604077210469e-001
  8.0085985575310700e-002
 -1.9142327959689337e-001
 -2.1079212363152394e-002
  6.2941934817234535e-002
 -1.6783135983316305e-001
  1.2050360960593401e-001
 -3.8726772810670634e-001
  3.5716944995006980e-002
 -1.6204247605198319e-001
  2.4145026928157121e-002
  6.1641345576463433e-002
 -1.6501654084827549e-001
  1.1184665839479223e-001
 -2.3737367094535461e-001
  1.8025452178968898e-001
 -2.8554878176666293e-001
 -1.2815085515810709e-001
 -2.4530062478792136e-002
 -2.5328206461877367e-001
  5.7547690950209396e-002
 -2.0967443123664642e-001
  1.3634519268646406e-001
 -2.7582490957258732e-001
  1.1162115887042884e-002
 -1.2355437936790259e-001
 -2.4791862544896842e-001
  1.2407204953737011e-001
 -3.3093582481158246e-001
  1.5161847783183915e-001
 -3.2470507028861295e-001
 -5.2908353546512826e-002
 -7.0565592207106898e-002
 -2.5361860856318574e-001
  4.6041843252758730e-003
 -3.6687441966560275e-001
  6.9307474612268410e-002
 -5.1574214431561449e-001
  7.3773341287831973e-002
 -1.1997124874508899e-001
 -3.6838409028521729e-001
  2.4990515013670750e-002
 -4.8235811768650949e-001
 -1.3425889279833098e-002
 -6.5183067638157244e-001
 -1.0130730528055548e-002
 -6.4127252619423403e-001
 -5.4540194519374463e-001
 -2.4630278498926347e-001
 -1.3739552963609518e+000
  8.6387552252324196e-002
 -3.5573346981187228e+000
 -5.1837361938456272e+000
 -3.7875989374341623e-001
 -4.9828240034919657e-001
 -9.5760289943746244e+000
 -8.8992292669974926e+000
  3.6260753365996785e+000
  2.0607089075106395e+000
  4.8044786622878477e-001
  1.9455062249779349e+000
 -9.7665899265777667e-001
 -3.8256546563165383e-001
  6.0671255529353429e-001
  3.1398829087063249e+000
 -5.0470589542400413e-001
  6.1904431251703516e+000
  1.1121525537388830e+001
 -2.3477480963931807e+000
 -1.2714657116183856e+000
  4.9574162028355101e-001
 -1.3845954685478030e+000
  8.2837526793622895e-001
 -7.7226400578609355e-001
  7.5446968214874555e-001
 -4.1512397103487492e-001
  4.2722668530478752e-001
  1.0320963116265869e+000
 -5.3784670844203253e-001
  4.1413477764280576e-001
 -3.6803433780202743e-001
  2.7185877395237545e-001
 -1.5315558051652348e-001
  1.3994174223450323e-001
  2.4648472015520906e-001
 -1.4094985160141982e-001
  6.0898169392540635e-001
 -2.7537771954760898e-001
  1.1364849494639733e+000
  1.2211164642917216e+000
 -1.9303277200953395e-001
 -1.4166912875544466e-001
 -3.8909840690052294e-002
 -8.6734038263538205e-002
 -1.5845632058966233e-001
  1.3262047247583536e-001
 -1.5867763502757998e-001
  7.8878918485979860e-002
 -2.9251402044460861e-002
  8.5585661429619209e-002
  9.8522731028543906e-002
 -1.7254855946507713e-001
  1.7728813097709645e-001
 -3.8736718035437712e-002
  2.5421295708208724e-001
 -1.0033313142659300e-001
  7.8081070888631005e-002
  1.0235387522773162e-001
 -1.2056485191783609e-001
  2.3188469737705314e-001
 -1.7123782289795170e-001
  2.4225212742920360e-001
 -7.8735971579175473e-002
  7.5577771301848090e-002
  6.2593637068010216e-002
 -1.5792700670345364e-001
  1.4478395134978023e-001
 -1.7458037597965018e-001
  3.1753193701746252e-001
 -1.6203229424982560e-001
  1.2233294334395278e-001
  7.0264042442245739e-002
 -6.9304556648591753e-002
  2.2042073326719644e-001
 -2.7595026915330734e-001
  3.2376186045087846e-001
 -2.4894722165295652e-001
  1.6144924251026491e-001
  2.5028000962804109e-002
 -9.3895202675607692e-002
  2.7911662825793943e-001
 -2.4661467845186330e-001
  3.8696027907084485e-001
 -4.1044822938332792e-001
  3.7296437662879878e-001
 -9.4802422376404821e-002
 -2.2179710461665850e-001
  3.9521356178561079e-001
 -4.5636675400587512e-001
  6.1448541313178784e-001
 -5.0786052104326784e-001
  3.5740517181882991e-001
 -2.5412911730668308e-001
 -8.1341428927475354e-002
  4.5223248502168489e-001
 -8.3495268836162728e-001
  1.0520089448952707e+000
 -1.2278120843368980e+000
  1.4035474619370318e+000
 -1.2616495410644559e+000
  1.1754578602014645e+000
  9.1434636567946939e+000
 -1.3839589601097231e+000
  2.6702823065816683e-001
 -6.8843321175532957e-001
  2.5662709961668533e+000
  1.4817243625368292e+001
  1.3483642496057362e+000
 -1.1101211269242870e+000
  8.1864087462859170e-001
 -3.8879311087391810e-001
 -2.1832628278511859e-002
 -8.2674198451101351e+000
 -1.0213718415382655e+000
  1.4204044097691557e+000
 -1.5495585283516358e+000
  1.5558613174563865e+000
  4.8415669870335110e-001
  9.9104570230162281e-001
 -6.6251384792019541e-001
  3.7408623652448642e-001
  2.3154321071456543e-001
 -4.8664830094711248e-001
  6.5636152862727970e-001
 -8.1812208326533875e-001
  1.0266206553583841e+000
 -6.3431875644021285e-001
 -2.2684408673314782e+000
 -2.7848529284250034e-001
  9.2435177675690011e-002
  1.2071839157382844e-001
 -1.8391027185341310e-001
  2.1249177841453218e-001
 -2.3918672569031857e-001
 -1.2379292816306536e-002
  1.7741124096347616e-001
 -4.4139485644083287e-001
  5.9506953182520195e-001
 -7.3206057600177732e-001
 -2.8969100564490815e+000
 -7.4514530709505322e-001
  6.2089962881107175e-001
 -4.0247532637664518e-001
  1.9694962263543472e-001
 -1.5584571990399454e-001
 -1.4236405698211704e-001
  1.2649756391676967e-001
 -2.7945546844498625e-001
  2.5492459554285396e-001
 -1.3633831028798105e-001
  2.1394168242293399e-001
  4.7030256943051157e-002
 -7.4423602052462554e-002
  1.1966444460726072e-001
 -2.5265255880031251e-001
  2.6707711209506130e-001
 -1.9460738754637363e-001
 -3.3606009110896506e-002
 -1.2105059440017642e-001
 -5.4289958223699072e-002
  1.6416694164824250e-001
 -2.7729029096653673e-001
  2.0226786783739142e-001
 -2.0575115904877928e-001
  9.1340761992864852e-002
 -2.2676517011089095e-002
 -1.2023798633014929e-001
  1.1038525909284769e-001
 -2.5737501647226579e-001
  1.9887613903531531e-001
 -1.8769557551258809e-001
  5.7726528216574743e-002
 -1.6370211419660138e-001
 -1.7207634818197168e-001
  1.1235010058118590e-001
 -2.6296120088570130e-001
  1.7324041242243934e-001
 -2.3569302653997171e-001
  6.2874931179122753e-002
 -1.0701593806804843e-001
 -9.6023569499277234e-002
  9.8256612629811613e-002
 -2.1028757148770144e-001
  1.5689722825493330e-001
 -2.7725432711663733e-001
  1.6148457399075450e-001
 -2.1194475083830833e-001
 -1.8889981929519806e-001
 -1.2816494896862141e-001
 -3.3440395362110936e-001
  1.2293912606241356e-001
 -6.2708033016422904e-001
  4.3309742720314973e-002
 -4.5770478401460235e-001
 -2.3820541966454370e-001
 -1.9264057029787426e-001
 -5.9968154172777910e-001
  2.9593835276752495e-002
 -1.1714043650757628e+000
  2.2520785023072754e-002
 -1.6543947447690928e+000
 -1.2254559821994000e+000
  3.7887326991637926e+000
  2.0320868941748338e+000
 -2.8339886425141123e+000
  2.4831343921080617e+000
  1.2985196685904473e+001
  5.9371609446488902e+000
 -5.7919415772192229e-002
  2.6900255274718687e+000
 -2.3717030060398736e-001
  1.2915031675975359e+000
  2.7169456478209759e+000
  3.3288631800813357e+000
  4.1493822025068078e-001
  2.5623911288472350e+000
  3.4714364179550579e+000
 -1.0069529960632144e+001
 -5.2160885594939250e+000
  1.5241848454291165e+000
 -1.8829814469063437e+000
  8.6845640223127163e-001
 -6.9227958454873850e-001
  2.3461102179081542e-001
  1.9069055203143193e-001
 -1.7313276907755767e-001
  7.1580335738809486e-001
 -1.1795639981511312e+000
  1.5379568212377515e-002
 -2.8311500833618319e-001
  1.7026167558831501e-001
  1.6261910579620922e-001
 -1.0525013561550153e-001
  4.1821854184532892e-001
 -2.4404545403110942e-001
  4.7143822175194894e-001
 -1.7619061992823304e-001
  4.8965415871392043e-001
  3.7750185004532349e-001
 -1.2845806677364340e+000
 -5.7807039626797374e-001
  1.3091211724376473e-001
 -3.5837904072758178e-002
 -1.5135531552516801e-001
  2.1678909252529899e-001
 -7.5227805632721551e-002
  1.7661866638274268e-001
  7.6930676840934811e-003
 -3.3279557851611824e-002
  2.0780587013677018e-001
 -1.4977882719389243e-001
  3.9829983590920676e-001
 -4.0326012110537962e-002
  2.4770628002050996e-001
  1.4658602485531860e-001
 -4.4559030237419903e-002
  3.2720667467139763e-001
 -1.5258259913128647e-001
  3.6202433475858975e-001
  4.8235321618329302e-002
  1.8349507869902681e-001
  1.1614351384717179e-001
  1.3967487249379040e-001
  3.5507893378180932e-001
 -1.3351547766823207e-001
  4.2017826390828827e-001
 -1.0929098130327830e-003
  2.6759380411284739e-001
  1.2294695303477768e-001
  3.4390793195463260e-002
  2.6212491102227858e-001
 -9.2436921860271637e-002
  4.8602668683208544e-001
 -3.6932028569275910e-002
  3.6109240613545002e-001
  1.5319371696699993e-001
  1.1634912325846325e-001
  3.5192738631702702e-001
  7.6439349067351336e-002
  6.0436151666016691e-001
 -1.3676365597265322e-001
  5.0197417857311633e-001
  1.2198856621232548e-001
  2.9566991275942689e-001
  4.8669162247979947e-001
 -3.5749311942813333e-002
  7.4056563273859144e-001
 -1.5531421246961635e-001
  7.0958918334524546e-001
  1.3035479522641680e-001
  5.0373612455219974e-001
  4.7959390792337381e-001
  6.1217541057014629e-002
  1.2591586259003806e+000
 -2.7109782033420027e-001
  1.6097806614147827e+000
 -3.7972849840742701e-002
  1.4335550136977413e+000
  1.3743305033585060e+000
  7.4081293867284936e-001
  5.8259268634906363e+000
 -5.2267368208152432e+000
 -3.2432140892688475e+000
  2.0115598100645218e+000
  3.8133807739722592e-001
  6.4956242545316343e+000
 -8.9759727631580706e+000
 -1.0168974814507953e+001
 -1.0456008990826506e+000
 -3.9590497406146037e+000
 -1.6112467300161917e+000
 -5.3222483376696843e+000
  2.4380895339412301e+000
  5.1860345515425728e+000
 -1.6302949204286150e+000
  1.6693224503307538e+000
 -1.0564854123753672e-001
 -6.6530707167192060e-001
 -1.1369865244276249e+000
 -6.1457363131080212e-001
  1.1473447355935243e-001
 -1.2909832410649080e+000
  3.0000287734812892e-001
 -1.0788027677276988e+000
 -5.9192606210248695e-003
 -7.1525714672184360e-001
 -1.8229515698089793e+000
  1.2401253721178358e+000
  9.3845607134466258e-001
  1.2747034203845142e-001
 -1.8870702568912787e-001
  1.4039962484883199e-002
 -2.1220100905434763e-001
 -2.6518559541629350e-001
  9.3683133386425754e-002
 -6.3460477152788641e-001
  2.4072206455303863e-002
 -6.8425928368805855e-001
 -1.4677427129305072e+000
  1.4092467181023474e+000
  2.1867897506408722e+000
  2.4662257171988292e-002
  3.6331746634666390e-001
  3.0416783473363807e-001
 -1.5785583946863774e-002
  4.8393032110379586e-001
 -6.8385185126985881e-002
  3.9082619139034758e-001
  7.5404187152082164e-002
  1.0316546604176990e-001
  1.5660870313353512e-001
 -1.9646097590813291e-001
  2.2667881063871753e-001
 -1.7036903940831172e-001
  2.6477030884391872e-001
 -4.8875879124722521e-002
 -5.0856780077731506e-002
  1.9671888133281562e-001
  5.9183556437679419e-003
  3.2480783712142414e-001
 -1.8339266085456929e-001
  2.6203803081799903e-001
  1.8155165437385878e-002
  6.0434540861192376e-002
  2.0299039877486186e-001
 -1.2155456849869012e-001
  2.9145184073016678e-001
 -1.1440136284217997e-001
  2.7601261159733048e-001
  2.1638318367040887e-002
  5.1423635728703510e-002
  1.5771718961037165e-001
 -3.4124807231831616e-002
  4.2105020245176406e-001
 -5.5484157474691376e-002
  3.2609003687524618e-001
  6.7852541265866650e-002
  1.5235609371025755e-001
  2.5738414655750752e-001
  2.7097968602370404e-002
  4.0033257106583675e-001
 -2.9601091598538770e-002
  3.4874104652290405e-001
  3.9854197226365934e-002
  2.6551681127826321e-001
  1.9380979692972633e-001
  1.3041921071410112e-002
  4.6161470834035495e-001
  9.4148359013184135e-002
  6.2954453091305340e-001
  5.4230530643739325e-002
  5.7666190211328028e-001
  5.2617096505091987e-001
  3.6479502336645975e-001
  9.1402418921270945e-001
  2.8720261211343018e-001
  1.1832055768576080e+000
  4.1628580768433110e-001
  1.4245529129123640e+000
  1.2875352969460350e+000
  1.5296255444558886e+000
  4.8563786884383626e+000
  1.3264003442532508e+000
 -1.7382542806821544e+000
  3.3979931812362247e+000
  7.1825578476063798e+000
 -4.1622369253905305e+000
 -9.6667295912413636e+000
 -2.0356275823497181e+000
 -3.2315161717939529e+000
 -1.8658252921909777e+000
 -3.6824643147022601e-001
 -2.1187081490772854e+000
 -3.8879324940850277e+000
 -3.4655273095148798e+000
 -1.9470874533044145e+000
 -9.8462303108640299e+000
 -1.0510515442517976e+000
  7.5805788324823880e+000
 -3.4427391392662055e-001
  1.2522217256088786e+000
  3.0255080508004961e-001
 -2.2271692278429425e-001
  6.2447195996390925e-001
 -8.1604362513705408e-001
  4.4921646104834723e-001
 -1.2032744546079748e+000
  1.2906569194438422e-001
  3.4594984811146345e-001
 -6.0208059042799994e-002
  2.5784648484853889e-001
 -4.8762526528951466e-001
  2.2089115421775365e-001
 -5.1724490765754860e-001
  1.4472418828049810e-002
 -3.4049291460764880e-001
 -3.0199894185271159e-001
 -1.3590052232683061e-001
 -1.3807016711358058e+000
  5.6508574658430566e-002
  7.8356254592874086e-001
  1.2190571303653741e-001
 -9.4219832462726416e-002
  2.0935459140695281e-001
 -7.8548562077288997e-002
 -4.5827877465420414e-002
 -5.1854851657999745e-003
 -2.2749314139961541e-001
  1.6445521191233772e-001
 -2.5445869596575560e-001
  1.5250915576732338e-001
 -1.6064076162867727e-001
 -1.7653227376497227e-001
  7.7782098522629906e-003
 -3.9679934300987191e-001
  1.3015497066203491e-001
 -3.4526256727215182e-001
  2.8865359922373435e-002
 -1.2551800648247041e-001
 -2.5770492504671622e-001
 -4.0657099738333438e-002
 -2.7752888176135909e-001
  4.4204294209266762e-002
 -4.7309030059948215e-001
  1.8502708711745822e-002
 -2.4081138176846037e-001
 -2.5994349504227987e-001
 -9.3135135903769872e-002
 -4.0967016325717309e-001
  4.4232296578722727e-002
 -3.8531699516658785e-001
  8.6212057238353443e-002
 -3.1223772993389409e-001
 -2.1489286568224622e-001
 -1.0346847906726676e-001
 -4.4217760364793912e-001
  4.1943541232603437e-002
 -4.4436803923183560e-001
  7.0316012606114024e-003
 -5.6664497389999613e-001
 -1.9539716228990675e-001
 -1.8393439292879918e-001
 -5.0474792185032324e-001
  2.0827833653203537e-002
 -7.6511289063305199e-001
  3.7692953121826411e-002
 -6.8376560783525042e-001
 -2.2788563266071193e-001
 -3.1877984378623986e-001
 -6.4709080485503057e-001
 -8.4131295125463371e-002
 -1.0171207990558768e+000
  2.3687438527322308e-001
 -1.2488722397080390e+000
 -1.6760988713559169e-001
 -8.8214868182199757e-001
 -1.1310552239088389e+000
 -7.9552536745020330e-002
 -2.7959861838219928e+000
  4.8560443684642979e-001
 -6.9405554955226609e+000
 -3.9167268359794472e+000
  4.6271730493785741e+000
 -2.2785880407226888e+000
  3.0709513435810332e-001
 -9.0618952506984858e+000
 -5.8412708622102212e+000
  8.8206105649022177e+000
  2.1557220260069361e+000
  3.1404088659860134e+000
  2.0000398408901097e+000
  5.3440809659481969e+000
  5.8293303111689054e+000
 -4.1646627100043103e+000
  2.0989051065946057e-001
 -1.1976392197911639e-001
 -1.4502127762188526e+000
  1.8115037296856945e-001
  1.4594082212600262e-001
  1.2770874792309996e+000
 -4.8882071008383876e-001
  1.0594400303503424e+000
  1.8664542359898406e-001
  4.2244123910041831e-001
  8.2404134388636385e-001
 -3.1136350863654072e-001
  2.4572703262491919e+000
  1.0283154952136409e+000
 -6.5997077850216224e-001
 -2.1990551971414204e-001
  6.7988634115300040e-002
  1.6987030936852979e-001
 -2.9076936018501698e-004
  5.0437232110661279e-001
 -8.1303840570119273e-002
  4.5719353056440981e-001
  4.1732264998552870e-001
  8.9189751862855673e-002
  2.1998032889322841e+000
  1.4876633383467348e+000
 -1.4416444435458187e+000
 -6.4556188598306052e-001
  3.9157860029981881e-002
 -5.0111745736907265e-001
  1.7163130385085834e-001
 -3.4156626412167884e-001
 -5.8112378789784036e-002
 -1.1137072294536032e-001
 -3.3032878269493571e-001
  3.3172844246211419e-002
 -3.7055038555646913e-001
  1.4943071896508187e-001
 -1.5225520858625444e-001
  5.0704594801051127e-002
 -1.2117750043606063e-002
 -2.1820123297033822e-001
  2.4546416762410506e-001
 -1.6311287222191861e-001
  1.1513223875640873e-001
 -2.7051787889772549e-001
  1.9225719206326777e-002
  1.5252260148538671e-002
 -2.2042303327477725e-001
  1.4531661818758720e-001
 -2.9433116076772720e-001
  1.4423108550977981e-001
 -1.7121385440001757e-001
  4.0161037493316454e-003
 -1.8637595125064826e-002
 -2.2051445740235617e-001
  1.3627193978388513e-001
 -2.1544371782694738e-001
  1.9782692142843378e-001
 -2.4897385426979257e-001
 -5.6865943106494399e-002
 -6.3128835989544607e-002
 -2.4109295368830527e-001
  8.3336932829713661e-002
 -3.2025907773663070e-001
  7.9917969465678668e-002
 -3.0430900156655954e-001
 -6.8655521031271899e-002
 -1.3845347503520100e-001
 -1.9675142548129976e-001
  1.1737515838375651e-002
 -3.5529437092047922e-001
  1.9890282976689388e-001
 -2.7271488904515695e-001
  3.4016589955437326e-002
 -2.9514057729194570e-001
 -1.7716965670615190e-001
  5.0418428050947650e-002
 -5.6948070777123638e-001
  9.2909760648141354e-002
 -6.7581876954816633e-001
 -9.4562041815558967e-002
 -5.8352403512983142e-001
 -4.4587964296108284e-001
 -2.5314854783660057e-001
 -1.3100560819691096e+000
  1.2476920031320554e-001
 -3.6309227062389611e+000
 -5.1151330434170497e+000
 -2.9383261349268158e-001
 -5.6400453872211054e-001
 -9.6656922397144385e+000
 -8.8229597605139372e+000
  3.7295686465924693e+000
  2.0935469981219095e+000
  5.4149064432208172e-001
  2.1029955927949655e+000
 -9.2325673612731007e-001
 -5.9823749874369048e-001
  5.5906931400369120e-001
  3.0505890892642014e+000
 -6.1530367554282051e-001
  6.3747938929089720e+000
  1.1120581504883946e+001
 -2.3644902729884620e+000
 -1.1799109315024965e+000
  6.3075972129746627e-001
 -1.1710072073113216e+000
  9.1499650733303373e-001
 -8.5908298175472364e-001
  6.2535307310562271e-001
 -2.7608369197078969e-001
  4.8747109721988041e-001
  1.0504983062067468e+000
 -3.6132941632384136e-001
  3.4332306737898388e-001
 -4.2810816043685379e-001
  3.2500615949330514e-001
 -1.1564101860225222e-001
  9.9026365812219630e-002
  2.2957303520305958e-001
 -1.3094530714429992e-001
  4.7818956178094374e-001
 -3.5375363638709023e-001
  1.0031998210904824e+000
  1.2280720930780040e+000
 -2.0549214966076790e-001
 -2.5281783028030269e-001
  1.3005773653548472e-001
 -5.7999275881784690e-002
 -1.3824053044800974e-001
  1.2105568309814195e-001
 -1.7143318121694193e-001
  2.1980007371552165e-001
 -1.3117565406072620e-001
  4.6652825828984834e-002
 -2.7303285734316673e-003
 -2.3765907428052943e-001
  2.1685828587551018e-001
 -2.5548448987277206e-001
  2.5021331815455339e-001
 -8.5595940424615102e-002
  1.8055892600753742e-002
  1.2371723920891267e-001
 -2.3650632827611923e-001
  2.0946960342838672e-001
 -1.4283797896069350e-001
  1.6138536791418770e-001
 -1.8387916670305743e-001
  1.1801136681767325e-001
  1.1501276895648677e-001
 -1.7936688213982871e-001
  2.6103640485531238e-001
 -1.7445866820907838e-001
  2.8672321022239533e-001
 -7.8623089774185584e-002
  1.2319208414430888e-001
  6.2248646219181802e-003
 -1.7378895689819118e-001
  2.5182489425152221e-001
 -2.5762392706818349e-001
  2.8898388668093888e-001
 -1.5829266449106735e-001
  9.2440652914808574e-002
 -8.3470950327962923e-002
 -3.7716542760170946e-002
  3.3216081826256028e-001
 -3.1803978564431667e-001
  3.8275935563799812e-001
 -3.1649774641263007e-001
  2.7842126815325063e-001
 -1.9436411790143271e-003
 -5.6800024903342905e-002
  3.8319984513032795e-001
 -3.9080933955900582e-001
  5.1673600962861532e-001
 -4.1960482942673744e-001
  5.3752689113250518e-001
 -2.9809192633023740e-001
 -1.0286386192343039e-002
  4.3870770746979126e-001
 -7.2763197959278614e-001
  1.1690280737495815e+000
 -1.3540024769527224e+000
  1.4216556804634874e+000
 -1.2264173755192802e+000
  1.1146286320320236e+000
