 -1.2073084005188963e+000
 -5.2777685203471272e+000
 -1.4603388424537345e+000
  1.5605714475701356e+000
 -6.8722039825766110e+000
 -1.2538360684534233e+001
 -1.2731285713922236e+000
  1.2278802309583012e+000
 -1.2256007225713410e+000
  1.3428927532137169e+000
 -1.2849896597923811e+000
 -1.8677632867361105e+000
 -1.5716232795213785e+000
  1.4679215068678806e+000
 -1.7520356751769823e+000
  1.7596799495299422e+000
  1.2162700982872227e+001
  1.5738231897326334e+000
 -1.6107094310496792e+000
  1.3798304386114855e+000
 -1.2458733597401912e+000
  9.4982370690950202e-001
 -6.4201702025690721e-001
  2.5117692545706943e-001
 -3.2366542617180138e-003
 -1.4108923425873776e-001
  1.2274824970987288e+000
 -3.2804165241320793e-001
  3.9271273527934381e-001
 -2.5150004329471831e-001
  1.5329483237275626e-001
  1.0849778541968742e-001
 -1.7798460999777088e-001
  2.1432292540750864e-001
 -4.0987293828376126e-001
  3.8411990813633290e-001
 -4.3190868108586755e-001
  3.8425437218069763e-001
  1.4953959135315631e+000
  1.9496287832133796e-001
 -2.3432345402026933e-001
  9.9905006117226344e-002
  7.9484775323104787e-002
 -1.7848847731819895e-001
  8.2638080990257559e-002
 -1.7977310936927515e-001
  8.6608619613028889e-002
 -8.0984799175857755e-002
 -1.4166984419035006e-001
  6.2006362510765578e-002
 -2.4257302602787245e-001
  9.8255373709164928e-002
 -2.3870690402566877e-001
  2.1990626293839308e-001
 -2.7498837372023036e-002
 -1.1800188962284741e-001
  1.9194004872011078e-001
 -2.4530258591563878e-001
  1.8354971178891472e-001
 -2.0441566655436177e-001
  1.8238000424914691e-001
 -9.7926223709679877e-002
 -1.8637629465456920e-001
  1.2747583598524667e-001
 -3.4275072730823575e-001
  1.9547885031340956e-001
 -2.2508864631232139e-001
  4.9716311690402290e-002
 -1.1983557666422080e-001
 -9.4587029156269889e-002
  1.1443617235381252e-002
 -3.7323182411743661e-001
  1.7128566705425952e-001
 -3.3733656710001636e-001
  2.3721348025435515e-001
 -1.0128025500535225e-001
 -5.4055727671312157e-002
  6.7393076910580912e-002
 -3.6067883898193631e-001
  2.0474523600172725e-001
 -5.2467977343618233e-001
  2.4415589942507512e-001
 -3.2515369627701757e-001
 -1.9415121857079862e-001
 -8.9847326142231801e-002
 -5.7029581503357496e-001
  2.9759974759182417e-001
 -7.0049441670878221e-001
  3.0927358032153995e-001
 -5.9670089807977811e-001
 -1.4451231474022846e-001
 -2.3094356319741494e-002
 -6.3233876693293833e-001
  4.7633087525483814e-001
 -1.3929108318708623e+000
  5.4403913744295274e-001
 -1.5181473806805028e+000
  7.4398526371761892e-002
 -1.0918336027447018e+000
 -2.7242536577464684e+000
  8.2252503803976946e+000
  9.9807199037835426e-001
 -1.1347136586941307e+000
 -6.3148585764385212e-001
 -2.2469027236445958e+000
  1.3767775208642570e+001
  6.5171632040698739e+000
 -1.4552353391381673e-001
  2.8992560665961262e+000
  6.9929814994178774e-001
  2.9281800846437580e+000
 -6.2743846964663188e+000
 -3.5984877779912816e+000
  1.7522997819303787e+000
 -1.8289866813163125e+000
  9.7777620744343596e-001
  5.6381983851328810e-001
  1.3208053705848939e+000
 -2.0906244755704198e-002
 -5.1630503435760033e-003
  8.4781378098953308e-001
 -5.1031644081998284e-001
  1.0471678770448531e+000
 -4.1671475706377015e-001
  8.6409785040399456e-001
  5.2162698889900527e-001
 -2.0456795434473012e+000
 -7.0364517214970035e-001
 -1.0387777294287387e-001
  1.6702548764593778e-001
 -1.9747145833478696e-001
  1.7727738078098537e-001
  8.0495891561896779e-002
 -5.6034536142123031e-002
  5.3424490723475238e-001
 -2.3660760994061220e-001
  6.8600508711230868e-001
  3.6280940977328369e-001
 -2.6301913404418080e+000
 -1.6434416215697456e+000
  3.7107635571708542e-001
 -6.2458779393124630e-001
 -4.2013609813098984e-002
 -1.0535011945254033e-001
 -3.9383683326446156e-001
  2.8716877688633269e-001
 -3.1629284975224387e-001
  1.2825355314426917e-001
 -2.4357423197148287e-001
 -1.1482147459425401e-001
  3.6541028193796295e-002
 -3.3331747757563340e-001
  2.2845196012688335e-001
 -2.6250978165341060e-001
  1.3772910502764704e-001
 -6.4105407621769153e-002
 -6.8092521505013021e-002
  8.8948009905312583e-002
 -3.4539239592111803e-001
  6.3878138975824256e-002
 -2.1305084201623395e-001
  1.0662230354752769e-001
 -1.2133522292359764e-001
 -2.6843779186359842e-002
  4.1184010415824292e-002
 -2.5017978066740937e-001
  1.6080340939679261e-001
 -2.7691262282384616e-001
 -3.2163219878390228e-002
 -1.9015362100091165e-001
  8.0479819868676722e-002
  6.9490572570011636e-002
 -2.2706966040247401e-001
  1.3372973387448467e-001
 -3.1065484586885822e-001
  1.2901090029095441e-001
 -2.1745744089963293e-001
 -1.6219076453326001e-001
 -1.0326501561611452e-001
 -2.0366644569883194e-001
  9.3977162419062676e-002
 -4.2215862234691409e-001
  9.5013328651245066e-002
 -2.9874274473356793e-001
 -7.8741999136240637e-002
 -1.7100493903554392e-001
 -3.3956612576709544e-001
 -5.4500343330732143e-003
 -5.9437373779139402e-001
  7.1458643923645385e-002
 -6.1770449965281771e-001
 -3.6912690097402567e-001
 -4.2448474209727433e-001
 -5.4690615405503840e-001
 -2.5301781653029753e-001
 -1.1359758013526444e+000
 -2.4431697900042654e-001
 -1.4433825447272925e+000
 -7.6341923312332616e-001
 -1.7517494909780553e+000
 -3.6405688815913573e+000
  1.3500304348043828e+000
  2.4474557902338452e+000
 -3.6130098027204918e+000
 -2.8778478449952076e+000
  9.7998161059151592e+000
  8.9345113129849221e+000
  1.1289124787039184e+000
  3.3867373794154156e+000
  9.1884355553764585e-001
  9.6445907435076361e-001
  2.7729052249539583e+000
  4.0890359223760528e+000
  2.2653874591381236e+000
  2.6002695572015337e+000
  7.5347101833460073e+000
 -5.2710576858852853e+000
 -7.3744226640235278e+000
  1.0882061081093113e+000
 -1.7847912890958311e+000
  4.1164799718426359e-001
 -2.3679893348053110e-001
 -2.2311842445066504e-001
  6.2792762862898288e-001
 -3.9547017084213415e-001
  1.0697674903385561e+000
 -7.5454233467265619e-001
 -7.8830542050681768e-002
 -1.3366371969657021e-002
 -7.2523386605759702e-002
  3.7005036215121090e-001
 -2.7781311464615094e-001
  4.4094085389432097e-001
 -1.5332188077795758e-001
  5.1863098168512967e-001
  1.3492607727312106e-001
  3.4139071142561139e-001
  1.0043000195424403e+000
 -8.1768441395693026e-001
 -8.1087804827573218e-001
  2.6673104535852477e-002
  3.7898370796974473e-002
 -2.0396579114729357e-001
  1.2331758168520310e-001
 -5.1974773416735703e-003
  9.4095320079908285e-002
  1.2916570383906684e-001
 -7.6681191541390997e-002
  2.9911158100291002e-001
 -4.6248760118588722e-002
  2.8464094818112695e-001
  8.5373254070449101e-002
  2.5049440417548907e-001
  2.0544305888997150e-001
 -1.2703106450358997e-001
  3.8286647767018184e-001
 -1.2267026407340582e-001
  2.6903873250424304e-001
  5.1953585574271224e-002
  1.4421124284361769e-001
  1.6510611062695885e-001
 -1.3506018460055846e-001
  4.2280261784833573e-001
 -1.0243735523693916e-001
  3.6807496582131916e-001
  1.0607815490246210e-001
  1.2032423476702438e-001
  2.6033896801311440e-001
  1.5726610810080574e-002
  3.7521603248768959e-001
 -7.3499642499090245e-002
  5.0108270147442946e-001
  1.0832124417724504e-001
  3.4311116679298659e-001
  2.8300476475225578e-001
 -4.4343419674684081e-002
  4.2928492088585163e-001
 -1.4792086709252569e-001
  5.1320670710685834e-001
 -2.6402531283479122e-002
  4.2506444385515962e-001
  2.9575862106533063e-001
 -2.2441164237758521e-003
  6.5595174545646506e-001
 -6.1674299178413258e-002
  9.0158250747134017e-001
  5.3511827399448812e-002
  6.4906358079837267e-001
  4.3020093496105594e-001
  2.2871423114893838e-001
  1.0833989459619549e+000
 -7.6283102771312977e-002
  1.3066450773012384e+000
 -1.5831456794772850e-001
  1.3004295637984167e+000
  7.4731948478643273e-001
  8.8382890938307801e-001
  2.3160181466987049e+000
  7.2532249761423043e-002
  7.2500505645897366e+000
 -7.8975375709133289e-001
 -4.5777186699122048e+000
  2.5461088224021942e+000
  9.7646326285057261e-002
  8.9651357656174113e+000
 -1.8945203338605119e+000
 -1.0992107577525820e+001
 -1.6793274193584022e+000
 -4.1468224016547959e+000
 -2.2248769824466974e+000
 -6.1374522421054554e+000
 -1.8758599187483522e+000
  5.4502592050866818e+000
 -1.0479685649715751e+000
  1.0407227823925143e+000
  6.9200355814015935e-001
 -4.2977210527703646e-001
 -7.4776039547101436e-001
 -1.2493293354629778e+000
  4.0598118154723012e-001
 -1.3149102645539730e+000
  1.0589119122421721e-001
 -8.4666527331179919e-001
 -6.1493329160322840e-001
 -2.6981487169134910e-001
 -2.3455041229841229e+000
  2.1364009849890933e-001
  9.0241626641693062e-001
  2.5442291474132944e-001
 -1.1516525652221324e-001
 -6.2155106414267802e-002
  1.8387738862622030e-002
 -4.2481885554985754e-001
  1.0872382457726870e-001
 -6.3993686503162717e-001
 -3.2120105899892859e-001
 -4.6264580631442020e-001
 -2.1345707290588516e+000
  6.6526008465056310e-002
  2.1748851193433145e+000
  2.7094497112366894e-001
  3.0203239471080695e-001
  5.6750135485827036e-001
 -1.0770311319518540e-001
  6.2576848462596435e-001
 -4.9832548918770314e-002
  1.6721543337372685e-001
  1.2988385054509410e-001
 -2.8703879870293603e-002
  3.9046388825001621e-001
 -1.4239671453510833e-001
  4.1035414142354820e-001
 -8.8616748340167861e-003
  1.2783755119278023e-001
  1.7716879594263540e-001
 -1.1504551241548300e-001
  2.6013449424597551e-001
 -2.0530886105255272e-001
  2.6697608320543453e-001
  8.7948978078040238e-002
  1.6594391678126641e-001
  1.3331371148400029e-001
 -1.7837024579720390e-002
  2.5161799836430332e-001
 -1.4652061970355598e-001
  2.9733795787275058e-001
 -4.6602703263075182e-002
  1.0630683503988612e-001
  2.0022089250688518e-001
  1.4846324190877794e-001
  2.6491959213064170e-001
 -1.8982488856202157e-001
  2.8876674501310268e-001
 -7.6026458363601432e-002
  2.0134792142401933e-001
  1.0332371840104886e-001
 -3.9437233801997026e-002
  3.2388623982653725e-001
  1.6887758649855353e-002
  3.7671002573598517e-001
 -8.9608003864209557e-002
  3.2146224919654248e-001
  1.6712247913278738e-001
  8.7985040428503830e-002
  3.3926659342536669e-001
 -4.6321334825055585e-002
  4.9039615519087665e-001
 -5.2184894843186065e-002
  4.9359083437967011e-001
  1.7584191128321966e-001
  1.8580196917900080e-001
  6.5665436071325989e-001
  2.0859088477170168e-001
  8.1338931738196973e-001
  9.2079687491560772e-002
  1.0125838378825054e+000
  5.7172376423870142e-001
  9.0055619456846325e-001
  1.5105488968585556e+000
  7.2575190132419054e-001
  4.8478772821102520e+000
  3.9277380855427428e+000
 -9.8711694778011139e-001
  2.0524383551503549e+000
  9.7500518275718164e+000
  2.7385445786190670e+000
 -7.6613827415926945e+000
 -2.3567927096622161e+000
 -2.1611366568440751e+000
 -2.2617363087513649e+000
  3.2053058544161789e-001
 -9.0514193821784739e-001
 -2.5174126428546737e+000
 -3.7333089660060037e+000
 -8.4823388202455241e-001
 -9.2943901328759431e+000
 -6.8916432969869357e+000
  5.8005994742908884e+000
  5.2250332294036728e-001
  4.0496085048434655e-001
  8.3422536255592716e-001
 -7.1302477342897019e-001
  8.6513544470757209e-001
 -8.7910455408605204e-001
  3.9870682510385369e-001
 -9.2867825607981835e-001
 -4.7294016242607351e-001
  4.0687219446389000e-001
 -3.7934636330968763e-001
  3.2402342990047811e-001
 -5.2334519452396777e-001
  1.6931532922646303e-001
 -2.6295624389654954e-001
 -6.1001044629551179e-002
 -1.0875804340136945e-001
 -5.1904598540945224e-001
  9.0517969660255770e-002
 -1.3885543917231384e+000
 -6.7771149957463273e-001
  6.1591516995439333e-001
  2.0765034948441705e-001
 -1.3780337691420111e-001
  1.2448101582418880e-001
  5.5170895632995855e-002
 -7.7440603648583808e-002
  8.5677789289366840e-002
 -2.1577432345209560e-001
  1.5766599071724816e-001
 -1.5744173681255996e-001
 -1.5757602392176322e-002
 -4.2067922153254562e-002
 -1.8362862777961378e-001
 -1.1787500149820411e-002
 -4.2534932182836427e-001
  1.5452990187561347e-001
 -2.6486458804733382e-001
 -6.9269784646704219e-002
 -2.3736146588604554e-002
 -2.3550329736318654e-001
  6.0204423710744435e-002
 -3.4748611487610565e-001
  2.3298640831023887e-001
 -2.3642632319376630e-001
 -2.5038480748308514e-002
 -2.5324238513083595e-002
 -3.0155700521587087e-001
  1.0476441154529607e-001
 -3.1005527970351549e-001
  1.0410896585414110e-001
 -2.8062900333141921e-001
  6.2056025263709041e-002
 -1.2785087735699313e-001
 -2.7960691123150561e-001
 -5.7745996929696036e-003
 -5.2021824500661196e-001
  1.4562367468003690e-001
 -3.7522919321453874e-001
  8.0527790181945225e-002
 -1.5252786812492192e-001
 -1.7834270471824862e-001
  9.9615329581023093e-002
 -5.3991452049040567e-001
  3.2739781270079182e-001
 -4.6180052688566692e-001
  1.5152162532064531e-001
 -3.3128669243776376e-001
 -3.5111157499127454e-001
  5.1430835910410325e-002
 -7.3947451528259722e-001
  3.6798666693083870e-001
 -9.3888663122172733e-001
  9.9377459091055068e-002
 -6.7430631036830002e-001
 -3.1801630730711128e-001
  9.2481268072444348e-002
 -1.2913586222293874e+000
  6.3431847129742480e-001
 -2.3904166730704643e+000
  1.0193013529832797e+000
 -4.5257969068432677e+000
 -7.4354966233063600e+000
  3.5796466795338486e+000
 -1.4113951637080635e+000
  5.3383953135879414e-001
 -6.7182330419728169e+000
 -1.1873254874782065e+001
  4.4749443734559442e+000
  1.8248509532722186e+000
  1.2475663350586688e+000
  1.5255788325049104e+000
  3.2092721574616978e+000
  8.1502446152146728e+000
 -1.8517714270954022e+000
 -7.0433121695880196e-001
  7.8826389892380055e-001
 -1.6697797655835962e+000
 -1.3404773323625124e-001
 -5.7304497511387953e-001
  1.2702355802186815e+000
 -4.0081813120365400e-001
  4.6709648356444050e-001
  4.0442524959576492e-001
 -2.0050260373305356e-001
  1.0316480486669983e+000
 -5.9428297871264613e-001
  1.8238771340851192e+000
  1.8320394449483917e+000
 -1.9877109426723119e-001
 -1.5054514179845430e-001
 -5.1860231123724634e-002
  2.5962656474905493e-001
 -1.9566511964360730e-001
  3.4432296398796158e-001
 -5.2689288435146059e-002
  1.0569195779687486e-001
  5.5780866893954006e-001
 -2.2335928079788861e-001
  1.7717613192855677e+000
  2.5636653319767539e+000
 -5.3144349777356881e-001
 -6.4202132684075430e-001
  3.2255539922043985e-001
 -5.2548774504517104e-001
  2.1305323264772558e-001
 -2.3193165136150323e-001
 -2.3733622796756210e-001
  1.4907741637851712e-001
 -2.5813740368936278e-001
  2.7227811184177686e-001
 -2.7564241365576214e-001
  1.0585568634131198e-001
 -7.7036663847914910e-002
 -2.1959028529286648e-001
  1.3467223046063048e-001
 -3.1489790097028264e-001
  1.7915092003725211e-001
 -1.9204197274096219e-001
  1.1636085114723894e-001
  7.8416312715682904e-002
 -1.5182711705386534e-001
  4.7106925234967359e-002
 -2.3993601503152850e-001
  1.3917224750331880e-001
 -2.2477421917794399e-001
  1.0533660928773265e-001
 -4.7158177205342405e-002
 -1.1420070613371773e-001
  1.7060578778396074e-001
 -1.6805767262849519e-001
  4.1690379092133911e-002
 -3.4539941199931834e-001
  1.2033431599201028e-001
 -6.1697084610628547e-002
 -5.7703275510883223e-002
  1.0930692444483779e-001
 -2.3233461869200317e-001
  2.5689467470162869e-001
 -1.6169547529327763e-001
  8.6377256966259142e-002
 -1.7304358003715409e-001
 -4.3691585548528145e-003
  1.0069637315037079e-001
 -2.6213580778403150e-001
  2.1075770430506313e-001
 -2.6052459428911945e-001
  2.1732627386060113e-001
 -1.5083002942378215e-001
  5.7634929176260466e-002
  1.0078290341172413e-001
 -2.4730055520686578e-001
  4.3190253047381599e-001
 -2.8752745973923544e-001
  2.1589385732557076e-001
 -2.6648316332693184e-001
  1.6093812903874025e-001
  1.2339196347013517e-001
 -3.2740678523827288e-001
  5.4282635015883118e-001
 -7.4712966373522627e-001
  1.0259975896538651e+000
 -1.3204573644372397e+000
 -5.1645387846103503e+000
 -1.4557345727223612e+000
  1.3247456021748998e+000
 -6.8981784494676424e+000
 -1.2600359746852835e+001
 -1.3737575948251839e+000
  1.2033928641592748e+000
 -1.2832140371015617e+000
  1.1942133835801096e+000
 -1.4501085098712851e+000
 -1.7775383500708013e+000
 -1.5190784547872176e+000
  1.5749009032116899e+000
 -1.6393114723352638e+000
  1.5645320270220491e+000
  1.2196084787827866e+001
  1.7142142198745500e+000
 -1.6038142898029955e+000
  1.3689009268526409e+000
 -1.3946859572015371e+000
  7.5636473742518695e-001
 -6.3621376348639080e-001
  3.9887771248726606e-001
 -1.3403864165580584e-001
 -2.4350270039338739e-001
  1.2925391726924198e+000
 -4.2534571271732891e-001
  3.2884880596542332e-001
 -2.8394562302025428e-001
  3.5432029272758667e-002
 -8.3950003318313038e-002
 -2.0008417730157291e-001
  2.7726920099747326e-001
 -4.1993233845269623e-001
  4.4964463129459514e-001
 -4.2640981968492875e-001
  4.8418576739171421e-001
  1.4989914694719217e+000
  1.9070167764383150e-001
 -6.1272176857505550e-002
 -9.8388150028576593e-003
 -2.3744888882669929e-002
 -2.2348478349254511e-001
  8.0877867087294775e-002
 -1.5746271310219534e-001
 -5.0380096500929006e-002
 -4.3712502778135251e-002
 -6.6226348407721430e-002
  1.2793054836947762e-001
 -2.6791629335837325e-001
  6.2714051444945296e-002
 -1.1568994203599309e-001
  1.3971152651839036e-001
 -6.1553128096973789e-002
 -1.0508164954294198e-001
  1.2824899994745131e-001
 -2.5153545188345799e-001
  1.6339370578462253e-001
 -2.1959856173661313e-001
  8.2871964927105884e-002
 -4.8101795423952681e-002
 -1.0505718544362369e-001
  9.6204520058712301e-002
 -2.9359728527981166e-001
  6.9558137870873241e-002
 -2.9756717772828717e-001
  1.5044279661850876e-001
 -1.3911303651309820e-001
 -1.1914025274587231e-001
  8.7808364144664933e-002
 -2.6607944709808662e-001
  1.8857167393403559e-001
 -3.8810982372939962e-001
  1.4006041977112021e-001
 -2.3667648349313597e-001
 -1.3681579101626393e-001
  5.1115408041140238e-002
 -3.6702625287082363e-001
  2.1346776122351793e-001
 -4.1355126425801048e-001
  2.2101376338730822e-001
 -4.3724840875617932e-001
 -2.5879628592954750e-002
  3.6139798489146988e-002
 -6.3535486577304601e-001
  3.1067610129192624e-001
 -7.0561583163427322e-001
  3.0402591552446118e-001
 -5.1646616550970037e-001
 -1.7120887109098246e-001
 -1.9263100386039669e-001
 -7.8975911757768658e-001
  4.0571293568915107e-001
 -1.4080099363747340e+000
  5.0680187607210581e-001
 -1.5408345850068372e+000
  3.6925613325382509e-002
 -1.2065005423711634e+000
 -2.6960783397489170e+000
  8.3518843168701373e+000
  1.0730768415725618e+000
 -1.0030247221385893e+000
 -5.8612150852457590e-001
 -2.2455089417768717e+000
  1.3858681001099674e+001
  6.6238356185892462e+000
 -3.3211673950085618e-002
  2.8562576513201154e+000
  6.3204341066467129e-001
  2.9612159628307473e+000
 -6.2724753887900082e+000
 -3.5541008983584672e+000
  1.7804712593175402e+000
 -1.8575863888339954e+000
  9.6122667726660349e-001
  6.1855020363410473e-001
  1.3008367417202409e+000
 -1.1260751609393654e-001
  7.2170010499757076e-002
  8.0036722931119630e-001
 -5.9131917423584990e-001
  1.1088284737502769e+000
 -4.5987049008092240e-001
  8.7762176818116355e-001
  5.2698141314096147e-001
 -2.1170261011472942e+000
 -7.3774122831644240e-001
 -1.2608321187096683e-001
  1.6687027762456297e-001
 -2.0553068893414500e-001
  2.2997871240789342e-001
  1.2915000447762831e-001
 -9.1597887391500141e-002
  4.5189823655316186e-001
 -2.7048315937394080e-001
  7.6387307537708915e-001
  5.2958527400113053e-001
 -2.4690531549749926e+000
 -1.7409533001872872e+000
  3.7889283995064726e-001
 -4.2290931785276681e-001
 -5.7928538697663338e-002
 -5.3880959414523033e-002
 -3.6835325623149073e-001
  1.3867646855914664e-001
 -3.8242132033133058e-001
  1.8537238185533877e-001
 -1.3313523830961990e-001
 -1.5127049425669495e-001
  6.7678159670984228e-002
 -2.2702234953014030e-001
  1.8564610604397355e-001
 -2.6969202550164373e-001
  3.3397842710557915e-002
 -2.3477557640910141e-001
 -1.2510304411568632e-001
  1.2321834652989483e-001
 -1.5174850800156747e-001
  1.8059718392733742e-001
 -2.6988415368251911e-001
  3.7628396787219957e-002
 -1.7866327535348864e-001
 -6.7374266982033526e-002
 -7.3974453938824958e-002
 -3.5708348153919622e-001
  1.5986299371273552e-001
 -2.6091451044733438e-001
  5.9458420453777375e-002
 -1.0459050485312850e-001
 -3.2176703687851929e-002
 -8.8090957070070378e-002
 -2.4882164082662189e-001
  9.1531579197899046e-002
 -3.7296680091849682e-001
  1.3862933774533642e-001
 -2.3517895849086562e-001
 -8.9473659981459008e-002
 -8.3693638775075102e-002
 -3.4777656018222658e-001
  1.1000778156817557e-001
 -4.0599330995337030e-001
 -9.1343729907984450e-003
 -3.3379603038088479e-001
 -1.1800086130926721e-001
 -2.4838231900613267e-001
 -3.0597627023471430e-001
  1.2211964646040670e-001
 -6.6680713998150176e-001
 -5.8231746720131733e-002
 -5.1998899570726764e-001
 -3.3485556294283098e-001
 -4.8970777544518962e-001
 -5.6640286910318094e-001
 -3.2997370904473489e-001
 -1.1315110100663617e+000
 -1.9621642733646277e-001
 -1.4726651457927642e+000
 -7.5821410087860730e-001
 -1.7464773661884578e+000
 -3.5205697077948410e+000
  1.3505831084463713e+000
  2.2554377656117395e+000
 -3.5125416382719852e+000
 -2.7898118540742680e+000
  9.7868022550620761e+000
  9.0280619047134376e+000
  1.1624667990996316e+000
  3.3985881888994354e+000
  9.8128886094309187e-001
  1.2085940227902641e+000
  2.8924538764463317e+000
  4.0890138809327761e+000
  2.2886349212731276e+000
  2.4044466909166045e+000
  7.5930979601164097e+000
 -5.1291222872235123e+000
 -7.4948474260752063e+000
  1.0053853670012300e+000
 -1.8791521799476532e+000
  3.9118221494864519e-001
 -7.7941423051342995e-002
 -6.5172967905398033e-002
  5.0902439727743487e-001
 -4.5093852596054151e-001
  1.2269837260839052e+000
 -7.9743509534315093e-001
 -8.0886400270627989e-002
  5.9604864127732395e-002
 -6.9562925962569438e-002
  4.0000915042337992e-001
 -9.7373240280699172e-002
  6.4255456225301344e-001
 -1.2761434339672670e-001
  5.9573237261244016e-001
  1.5549797216897449e-001
  3.7585143784094377e-001
  1.0000781397255212e+000
 -8.8294718083171553e-001
 -7.1574592393403458e-001
 -1.2283377515343682e-001
 -4.7716190983866785e-002
 -1.0273798325273091e-001
  1.7251516894337271e-001
  6.7949662277346667e-002
  4.0087700311750393e-002
  2.3738248746565843e-001
  3.6760091022640759e-002
  2.8069141081093096e-001
 -8.5214720897073021e-002
  2.3696971495041330e-001
  1.8164394754136695e-001
  1.6428592031613848e-001
  1.6088670457172166e-001
 -5.0675825119396334e-002
  3.4540368097438129e-001
 -7.9215887648906219e-002
  2.9424645463820553e-001
  7.4848665785544832e-002
  1.4260451403649269e-001
  2.5384906309481942e-001
 -4.0171112310526919e-002
  3.4101891070486928e-001
 -8.3993680485106706e-002
  3.1365697106196905e-001
  1.1165688411665294e-001
  2.9275227425534417e-001
  2.4909585470299073e-001
 -2.4220930814524699e-003
  4.5016737880291718e-001
 -5.3915836834184522e-002
  4.1211988088477669e-001
  4.6365611922988131e-003
  2.9825976092296425e-001
  2.8065115231170612e-001
  4.2163730680241818e-002
  5.5326987290381813e-001
 -5.8881046802820802e-002
  5.7142124412051765e-001
  5.6508658933029685e-002
  3.9995337554513227e-001
  2.2820733708711738e-001
  1.6357963034374956e-001
  6.9775250692024549e-001
 -2.3648220921483409e-001
  8.8654587737837010e-001
  6.3177766269085112e-002
  6.2078125844508136e-001
  4.5626812500528618e-001
  1.5329210541405291e-001
  9.6146165866006017e-001
 -5.4902535137011668e-002
  1.4386307474927325e+000
 -2.8136230487609437e-002
  1.3698393945909062e+000
  8.0852919043132265e-001
  9.5503625779511070e-001
  2.3571642882585198e+000
  2.2775997827273317e-001
  7.4281094155229646e+000
 -7.7214561975254292e-001
 -4.5583551868783800e+000
  2.5080812529026066e+000
  2.9613318693527808e-002
  9.0079673886900267e+000
 -1.8972381788010775e+000
 -1.1044826218624920e+001
 -1.8121829631402413e+000
 -4.2347519674362450e+000
 -2.1628146058935571e+000
 -6.1374599797022320e+000
 -1.8765259587027685e+000
  5.4384986345947430e+000
 -1.1068711006566330e+000
  1.0288713370951907e+000
  7.1969802564761309e-001
 -4.5823129533284079e-001
 -8.1963000893266091e-001
 -1.1643011162298496e+000
  3.9370415561990751e-001
 -1.3769724065866837e+000
  2.1776136853979672e-001
 -8.6217512986797173e-001
 -6.1200555986462446e-001
 -2.3724416176185256e-001
 -2.3907915398391806e+000
  2.5283383734004189e-001
  9.5625444022748629e-001
  3.0835700549604095e-001
 -7.7160642105826155e-002
 -1.0368302603456461e-002
  4.3260871575367732e-002
 -4.7305729290249127e-001
  9.8149857408995053e-002
 -5.6590588748246851e-001
 -1.8574962676737339e-001
 -3.8161111419773797e-001
 -2.1538460347221506e+000
 -1.1367656091750032e-001
  2.1353825831270750e+000
  4.0694369480470743e-001
  1.6212871663012002e-001
  4.7729836790882585e-001
 -1.3200386690239199e-001
  4.7846331449711771e-001
 -1.9244756481922046e-002
  2.8223166051142279e-001
  1.8160801863447917e-001
 -1.1819027296995901e-001
  3.5112315953427925e-001
 -1.0319557783082534e-001
  2.7928859777171156e-001
 -7.4567919623730300e-002
  8.0336698235752665e-002
  1.2864729981192752e-001
  1.3028601038089199e-002
  3.9793521266413595e-001
 -9.2540954976195258e-002
  2.1620715475393271e-001
 -1.1120879865851288e-001
  8.1559105648586677e-002
  1.2409431802562929e-001
 -7.5304098215454029e-003
  2.3925876271926258e-001
 -1.1911776804747334e-001
  4.2583423979922663e-001
  3.1050399227252459e-002
  1.5170091248672088e-001
  1.8961949205594128e-001
  2.4574901345469982e-003
  1.9767173581891526e-001
 -7.4032922015326769e-002
  3.6328219909971671e-001
 -5.5432465517114692e-002
  2.9348463174067163e-001
  1.4538915883745715e-001
  1.0139932446468131e-002
  3.3133566129991682e-001
 -8.9458634097962578e-002
  4.5509111969866345e-001
 -9.1839125403994082e-003
  2.6410825046113323e-001
  2.2420734438358098e-001
  1.6291067460104650e-001
  3.7672299808371595e-001
  6.4169125816696801e-002
  5.9963393389693820e-001
 -1.2494941090752484e-001
  4.3730171912774046e-001
  3.4814585389708486e-001
  2.3835207699813757e-001
  5.8516216510957697e-001
  2.5648104890732853e-001
  8.4770335926402651e-001
  1.7376032451855733e-001
  1.1211138034664128e+000
  5.7044015347946198e-001
  9.4963704171994123e-001
  1.5689872407520662e+000
  7.9842486827296000e-001
  4.8410270722320812e+000
  3.8139556761639795e+000
 -7.9970319288937552e-001
  2.1877960360970894e+000
  9.6879903035419126e+000
  2.8135574917907600e+000
 -7.6543043098882517e+000
 -2.3658596632589060e+000
 -2.1153741517978712e+000
 -2.1755022445231997e+000
  2.4151448708102224e-001
 -1.1149155263755308e+000
 -2.5699354261455603e+000
 -3.8635358244848161e+000
 -7.6513521858134215e-001
 -9.1576299871384599e+000
 -7.0669625006043466e+000
  5.7806332062006538e+000
  5.9842892280176607e-001
  5.1025125309501229e-001
  1.0035037422528936e+000
 -6.7842331437384407e-001
  7.0138673139178898e-001
 -9.0790210976470098e-001
  5.8497716761634877e-001
 -9.8348102569051821e-001
 -4.9510407734926876e-001
  5.0623211298795678e-001
 -3.8845367009315579e-001
  3.5350854898282374e-001
 -4.3544117969613860e-001
  1.8132324359901214e-001
 -4.4247038495143992e-001
 -1.4965485760074648e-001
 -1.7580003415974454e-001
 -6.0514260346356807e-001
  5.0558381843984368e-002
 -1.4842639071172361e+000
 -6.1604428864020733e-001
  5.2504424629020352e-001
  1.8410595201094193e-001
  5.7555005986723959e-002
  1.2648287213540096e-001
  5.0969614549172537e-002
 -1.4882752936464133e-001
  1.1737501279044496e-001
 -1.8700239096472943e-001
  6.9524117554942214e-003
 -2.1446506240320962e-001
 -4.2715827472404128e-002
  3.0946578407960106e-002
 -2.4435799898631202e-001
 -4.8595978280145419e-002
 -3.0059823109011186e-001
  1.1222895321637040e-001
 -2.4032203143143904e-001
 -4.9033112298544984e-002
 -4.2711002754747318e-002
 -2.3824237157016748e-001
  7.6994047700120374e-002
 -3.3672102802192505e-001
  8.8272907734479183e-002
 -2.3596172526124620e-001
 -1.2210839573607246e-002
 -2.0059685782157805e-002
 -1.8121502198752559e-001
  4.8149034729426388e-003
 -3.9953865132149885e-001
  1.4153512959455083e-001
 -3.3102712605704399e-001
 -3.3892527310480161e-002
 -1.4604043378668996e-001
 -1.9320823512633484e-001
  8.9850062806435524e-002
 -4.2071157208282589e-001
  1.9451275281289532e-001
 -4.1645408188755312e-001
  7.7656387616807376e-003
 -2.0439499124969357e-001
 -2.6997642015654699e-001
  1.3597888712878245e-002
 -4.4922110047442604e-001
  2.7366877841242948e-001
 -6.7187287832729103e-001
  2.0034241072568643e-001
 -2.5119101160532259e-001
 -3.7385386756101291e-001
  8.4834573189190701e-002
 -7.6029404052974703e-001
  3.6317406009564768e-001
 -7.9025278756907857e-001
  2.4753353899740832e-001
 -6.4887162991504599e-001
 -3.7757670520154274e-001
  3.8170541783829282e-002
 -1.3153310665034295e+000
  5.8579832721171843e-001
 -2.3940899015839023e+000
  9.7874056409843113e-001
 -4.7320310757740449e+000
 -7.5797386971175955e+000
  3.4852783453058147e+000
 -1.5050565307640171e+000
  5.5650818983104533e-001
 -6.7624584469131621e+000
 -1.1961442822298599e+001
  4.4209906000356725e+000
  1.8453946370903263e+000
  1.3784943161161292e+000
  1.5307711952288856e+000
  3.1762440168714883e+000
  8.1490013474927796e+000
 -1.8843977362362789e+000
 -6.7360015866090817e-001
  8.2871505173880544e-001
 -1.6809247029142174e+000
 -1.6031890830126411e-001
 -4.8120673278758069e-001
  1.2769086323237862e+000
 -4.6587416611966459e-001
  5.7660517727548777e-001
  3.7355780569605340e-001
 -2.4665334388230606e-001
  1.0718760499455455e+000
 -6.4037760641931218e-001
  1.8638101266982199e+000
  1.8641922638072512e+000
 -2.1851321191104478e-001
 -1.8227379362507309e-001
 -8.9709635518736980e-002
  2.1589899153760098e-001
 -2.7323958398326131e-001
  3.4390728842486296e-001
 -6.5519700174948500e-003
  1.1400765092930702e-001
  4.5623278614131380e-001
 -3.8226196117935085e-001
  1.6242607607210191e+000
  2.5827297158924942e+000
 -3.9442928293978813e-001
 -7.8583653475535442e-001
  2.6078060122264690e-001
 -4.1936982921116256e-001
  1.8588482631691466e-001
 -1.1011005826562725e-001
 -1.1943171207722385e-001
  1.0018965981990792e-001
 -3.6698040048981795e-001
  2.5132551127957925e-001
 -1.9985266527758361e-001
  3.5517418159841219e-002
 -5.2266248241571084e-002
 -1.1107818642024381e-001
  1.8935532726589105e-001
 -1.6204514252248586e-001
  2.2174697537101207e-001
 -2.7283216854844905e-001
 -3.0677391553700445e-002
 -6.4458646752365817e-002
 -6.9388385268825292e-002
  1.8832504803393230e-001
 -1.6172271481284919e-001
  1.8619368517503471e-001
 -1.7188449573722880e-001
  1.9309222198629916e-001
 -6.8750758260030950e-002
 -1.9091339293998782e-001
  1.0921359796061385e-001
 -2.4907791250971786e-001
  1.0213301471858155e-001
 -1.6549503213106342e-001
  1.6212387908539694e-001
 -1.1446055827309555e-001
 -3.6099113680784917e-002
  7.9482169177824427e-002
 -2.8401849658279510e-001
  2.2503902604439655e-001
 -2.4186200131845714e-001
  1.7315227287303814e-001
 -1.0731455951643738e-001
 -1.0082386902777558e-001
  1.4188505949223662e-001
 -2.1507297139278153e-001
  1.7088535577983549e-001
 -2.5872213677445155e-001
  1.8421319318943710e-001
 -2.9365766366222423e-001
  2.8297644471186878e-003
  2.2950542085376183e-001
 -2.8991410717695187e-001
  2.8163691870913099e-001
 -2.5030660216674444e-001
  2.3322672653786178e-001
 -2.8130049016084513e-001
  1.5621338452617722e-001
  1.0397206599952004e-002
 -3.7422372614300059e-001
  5.2302810407282196e-001
 -8.1077313987345789e-001
  9.4805249791550050e-001
 -1.3887968606509289e+000
 -5.1406492833073401e+000
 -1.3428702538652415e+000
  1.3105759333804834e+000
 -7.0141283262208214e+000
 -1.2590944994869133e+001
 -1.2745540075438195e+000
  1.2421497132141985e+000
 -1.2404571931498318e+000
  1.3510954085022677e+000
 -1.2786922266059293e+000
 -1.9140218820820207e+000
 -1.5991412341797027e+000
  1.5216937387148262e+000
 -1.8346429507170738e+000
  1.6762542197183539e+000
  1.2234116558773895e+001
  1.6463710383346026e+000
 -1.5612104247259968e+000
  1.4513091401355145e+000
 -1.1774848639718618e+000
  9.2796128430999136e-001
 -6.3144452735809731e-001
  2.5095252354882491e-001
 -5.9438743045727951e-002
 -1.3182769187279503e-001
  1.2875270717306573e+000
 -2.1749303362813627e-001
  3.6167419164478287e-001
 -3.4546898590408309e-001
  9.3754209164928354e-002
 -5.9991790895187330e-003
 -1.8428568875593809e-001
  2.7344376225253147e-001
 -3.4778629256364607e-001
  3.7780657406214968e-001
 -4.8694171753819787e-001
  3.6124689201432508e-001
  1.4506807478362715e+000
  2.1510815097286923e-001
 -2.2154658849914122e-001
  9.5779892762553873e-002
  5.3899134618584754e-002
 -2.0497644839393175e-001
  1.1332432505624267e-001
 -2.0094782790362500e-001
  1.2246003702925032e-001
 -5.6520337498945444e-002
 -9.3041753511827849e-002
  8.4898490262454107e-002
 -3.6717104799158506e-001
  1.4848542367359008e-001
 -2.9051732645162115e-001
  5.9829245681705737e-002
 -2.3692671143287367e-002
 -1.7848828724866928e-001
  1.5952178604276374e-001
 -3.4556183942133495e-001
  9.3088656005632403e-002
 -1.8840847868531352e-001
  2.6120396624229714e-002
 -1.8680401162769156e-001
 -1.3687102360287345e-001
  1.4348785009000692e-001
 -3.4614755146221449e-001
  1.5134043038626066e-001
 -2.5521911389100294e-001
  9.4556266174141479e-002
 -6.5248595754691593e-002
 -8.0212904997271378e-002
  5.6962408984221620e-002
 -3.8094473952320118e-001
  1.6671388712095561e-001
 -3.5721604152713576e-001
  7.8398491037647067e-002
 -1.5856451008791161e-001
 -1.4981473538090737e-001
 -9.2324254402078906e-002
 -3.7070394044708471e-001
  2.7073367142930443e-001
 -4.7343528298018700e-001
  1.5055608547170360e-001
 -3.5343516281217019e-001
 -1.2024494513465053e-001
  1.9517713115614538e-002
 -4.6035927708213148e-001
  3.1091123611772370e-001
 -6.3531538341463700e-001
  2.2307729814492294e-001
 -5.3309114833354432e-001
  3.3447623450751446e-002
 -2.0744741771841088e-001
 -7.3291441945316094e-001
  4.0980641254991790e-001
 -1.3495058174929548e+000
  6.9686230814700190e-001
 -1.6093970676086029e+000
  2.7323203741006621e-002
 -1.1357809514568153e+000
 -2.7200693021652387e+000
  8.2966391140569851e+000
  1.0734414493122137e+000
 -1.0072057769800629e+000
 -6.1763274176356098e-001
 -2.2686131614580383e+000
  1.3737019886802715e+001
  6.6495388090142313e+000
 -3.7250770912545653e-002
  2.7584009628154096e+000
  7.0578392608362439e-001
  3.0601964366339152e+000
 -6.1808287218073685e+000
 -3.5838477520146270e+000
  1.7613220795062920e+000
 -1.8584217995316441e+000
  9.5927316417815101e-001
  6.6364321724988351e-001
  1.2286199789463284e+000
 -2.7678296964442586e-002
  1.4973681016272361e-001
  8.7903105678320537e-001
 -4.5417326954709325e-001
  1.0017975735887736e+000
 -4.6892551829026857e-001
  1.0056736179264536e+000
  6.8625747476607990e-001
 -2.0256716628156926e+000
 -7.0260142420144955e-001
 -2.0227561575942951e-002
  1.7864684795088054e-001
 -1.1428662108136507e-001
  2.4519649516805025e-001
  1.5010454434917692e-002
 -6.1235170319052429e-002
  4.6881766339817477e-001
 -2.6873753406198919e-001
  7.3862083601862616e-001
  4.2474627979380086e-001
 -2.4861607729599999e+000
 -1.6927534948303384e+000
  3.4423780701673951e-001
 -4.4213067502227793e-001
 -6.1902463616928083e-002
 -8.0863757197584790e-002
 -3.6159122777985142e-001
  1.1251560762082706e-001
 -3.8698729673879984e-001
  1.0364615610944318e-001
 -1.3827756973591349e-001
  3.3101211026177212e-002
  1.4057972883194497e-001
 -1.7384155902089879e-001
  1.6745091007039534e-001
 -2.9873423191926513e-001
  1.8241554453200903e-001
 -8.2994451918192408e-002
 -1.3297813749874859e-001
 -7.3305557486595660e-002
 -2.1887221419170044e-001
  2.0066363006443713e-001
 -3.1138135176389098e-001
  1.0629751829187342e-001
 -1.5368238549745106e-001
 -6.4460947851009934e-002
  5.7087269643312316e-002
 -2.3768923247590490e-001
  1.2978061668441468e-001
 -3.0795149064839655e-001
  1.0232830347341088e-001
 -1.3805554097857023e-001
 -5.7729635272156923e-002
 -7.4811493056976444e-002
 -3.4244177367190159e-001
  9.6899154067801668e-002
 -3.4008889068776538e-001
  6.0845715781568735e-002
 -2.2404026403526828e-001
 -1.1229994785857303e-001
 -7.7430700118238355e-002
 -2.8657135136919204e-001
  7.3818679954206240e-002
 -3.2275532309312743e-001
  6.7574825471112585e-002
 -3.1336906286065397e-001
 -1.8662976165428447e-002
 -1.2989611559115599e-001
 -3.7557473764214910e-001
 -1.2835264820772929e-001
 -5.5653591703073091e-001
  3.9668926060612300e-002
 -6.9498090184034123e-001
 -2.7878005669380718e-001
 -4.7487048519987107e-001
 -6.6524007485353875e-001
 -2.7703759053397625e-001
 -1.0293503578499892e+000
 -2.2325671436298175e-001
 -1.4987766332512149e+000
 -7.3035646898750650e-001
 -1.8382949710892724e+000
 -3.5113488842595095e+000
  1.4216282479419291e+000
  2.1768074922404099e+000
 -3.5980363835271136e+000
 -2.7132133970679928e+000
  9.9000754113924039e+000
  9.0089104013016890e+000
  1.1418303423520546e+000
  3.4188036940887159e+000
  9.4030439780977670e-001
  9.5825687780914615e-001
  2.7918660213470474e+000
  4.1666189251664765e+000
  2.2403878181912087e+000
  2.6035486733101085e+000
  7.6889584708614187e+000
 -5.2068209413780231e+000
 -7.3881593634876284e+000
  1.0787551676837479e+000
 -1.8101103956158324e+000
  3.2672574885117472e-001
 -2.7110212917109922e-001
 -2.2508631760075545e-001
  5.8123824819062186e-001
 -3.5931349554314707e-001
  1.1079800913517686e+000
 -7.5553770384618257e-001
 -1.9085484008582770e-001
 -1.2869538717877341e-001
 -5.0567113203312392e-002
  3.7541876268538110e-001
 -1.8829776147908175e-001
  5.4009007438754242e-001
 -1.4925536348556537e-001
  4.6876866014065272e-001
  7.2635468529392969e-002
  3.6116416349170805e-001
  1.0150992762440725e+000
 -7.7427823510398608e-001
 -7.8613914571473542e-001
  5.1998498934738846e-003
  3.3706822071757278e-002
 -2.0825596186662437e-001
  1.7051327438663749e-001
 -1.6974056441547106e-002
  1.0496467583634325e-001
  1.3578482112416701e-001
 -1.1416222255136509e-001
  2.6688857167611840e-001
 -1.7452604833544721e-001
  3.2270450444950727e-001
  7.8638721831500114e-002
  1.3852253589778452e-001
  3.1372368841067133e-001
 -1.0087117545049637e-001
  3.8825029785785181e-001
 -1.0475902800353835e-001
  2.8148270195686642e-001
  1.7663468376800467e-001
  1.2941432056025090e-001
  2.2728686357710981e-001
  5.5119964072258498e-002
  4.7814373040460462e-001
 -8.7767740828199783e-002
  3.8162254986302685e-001
  1.4944745506199814e-001
  2.0826695062308220e-001
  3.0750663546616075e-001
 -5.6819946275554895e-003
  3.7380075882278690e-001
 -1.0314303617304302e-001
  4.6087817590433744e-001
  1.0274573721238424e-001
  2.6821435212675926e-001
  3.4373779222481826e-001
  4.2958082811841478e-002
  4.5974137829510409e-001
  4.0072581880067418e-002
  6.7608091254770897e-001
  3.3852070655797692e-002
  3.9600949839610272e-001
  3.6184648009393094e-001
  1.5868014835661440e-001
  7.2272967261849219e-001
 -4.2401911504967651e-002
  8.2233802516050070e-001
  4.1899128982802347e-002
  5.9372913464063692e-001
  4.4885842648731555e-001
  3.3940541299870913e-001
  8.6412863897454328e-001
 -1.0141552629322839e-001
  1.4480122953949102e+000
 -5.9748786090094839e-002
  1.4387160771192855e+000
  6.3109140291465315e-001
  8.7359305156098543e-001
  2.4077334619496504e+000
  1.4734469722896548e-001
  7.3707320265809351e+000
 -7.5633461738604313e-001
 -4.5439701331246569e+000
  2.4769180165152913e+000
  4.2864183149068494e-002
  8.9821380742674606e+000
 -1.8098209863414749e+000
 -1.0963642230601836e+001
 -1.8482846525633929e+000
 -4.0988743376214734e+000
 -2.0849772738336347e+000
 -6.1582080947089812e+000
 -1.9579337756192348e+000
  5.3986275810647912e+000
 -1.0624315539975289e+000
  1.0329294986565956e+000
  7.7628452300920681e-001
 -4.8870243352074794e-001
 -7.4069844888346958e-001
 -1.0921510513868553e+000
  3.4846274774719044e-001
 -1.3570175084611551e+000
  6.5446956436718759e-002
 -8.6674363146152555e-001
 -4.7917797842912524e-001
 -2.3318810067252649e-001
 -2.4711872638805157e+000
  1.2228848944765763e-001
  9.2285217203899039e-001
  2.0055754729283859e-001
 -1.4820330828789546e-001
 -8.9968692721186322e-002
 -1.2234643393146293e-001
 -4.4430447026150738e-001
  1.0102877651848931e-001
 -6.3035004361376346e-001
 -2.2704324943111553e-001
 -4.4655100887977700e-001
 -2.1174586714408195e+000
 -4.5273856807037605e-002
  2.0948774587505268e+000
  3.8695408946795407e-001
  1.8715363596733914e-001
  4.6493168016994679e-001
 -1.0820519062069657e-001
  4.7660067569504433e-001
 -5.9310075041153487e-003
  2.8994352367792120e-001
  2.3425003936028244e-001
  4.0410259034952947e-002
  3.0435544176093210e-001
 -1.9970066314550616e-001
  2.1877765800464460e-001
 -1.2763692222150491e-001
  1.5986139533410543e-001
  9.7760038623394760e-002
 -1.7108097892218044e-001
  2.0774895977780108e-001
 -6.3054664814328282e-002
  3.4371146239916273e-001
 -1.1698177627092465e-001
  1.4248183112818202e-001
  1.3774318724924312e-001
 -4.9006690193768077e-002
  2.8712873627571850e-001
 -1.5345141888853048e-001
  2.6712016362821733e-001
 -6.8368356213363263e-002
  1.7011637616795350e-001
  1.3980697027547606e-001
 -4.8987191186542683e-002
  2.1544455035998139e-001
 -1.3391739298100325e-001
  3.8683856951171625e-001
  7.9777430648378563e-004
  2.2471562102216963e-001
  1.7836976467671314e-001
  3.9848231113623768e-002
  3.3350247104178404e-001
 -3.0495641717027195e-002
  4.0682500164151536e-001
  2.2548085346035567e-002
  2.8128188816928268e-001
  1.3660431996205130e-001
  1.4651954453697189e-001
  3.1702543912146036e-001
 -1.0730684566716124e-001
  4.2396539072443423e-001
  3.4717093052338152e-002
  5.3386719613779565e-001
  1.3359896045699077e-001
  3.0382681140917062e-001
  6.3257478824193625e-001
  1.5697302961911366e-001
  9.1789626020982107e-001
  2.2041192571298701e-001
  1.0200218170662279e+000
  4.9777145501612352e-001
  9.6862138998324476e-001
  1.4997200818613092e+000
  8.1109418846353243e-001
  4.9001457449104384e+000
  3.7190210353654076e+000
 -8.3393723837517031e-001
  2.2874604501466282e+000
  9.7273417232888093e+000
  2.6908695834767333e+000
 -7.7343563937578690e+000
 -2.3839800555662540e+000
 -2.1783465009388854e+000
 -2.2913998063120458e+000
  3.2043534879678376e-001
 -8.7784413926502669e-001
 -2.5674776909867729e+000
 -3.7620815569060366e+000
 -7.6890572259303447e-001
 -9.3652126905797708e+000
 -7.0272956173958683e+000
  5.7417883251530260e+000
  4.8245525704224895e-001
  3.5880125548031899e-001
  8.5075911512068791e-001
 -6.5685915513889104e-001
  8.5653084495885212e-001
 -8.3219077173944722e-001
  4.1875223858887589e-001
 -9.7615239947897325e-001
 -5.3198936788447559e-001
  4.0834787371396358e-001
 -2.3297880446600983e-001
  3.9603609910739529e-001
 -4.6917297185030976e-001
  1.9429694056860014e-001
 -3.5580438563160399e-001
 -1.2418839876696622e-001
 -1.2098236757700721e-001
 -4.5044204259154219e-001
  1.2577755404648927e-001
 -1.3763461682583977e+000
 -6.7640251273228647e-001
  5.7103099474186636e-001
  2.1634673860566733e-001
 -1.2948671483431226e-001
  1.5435682724803967e-001
  3.4463174007294185e-002
 -9.6350268614695617e-002
  9.5983152067281516e-002
 -2.5824485815341713e-001
  1.7068256005031010e-001
 -1.7384681816429098e-001
  8.9627558072993885e-002
  4.4466543542077838e-002
 -2.2712414550509039e-001
  1.5199479055383699e-001
 -3.7355293409237705e-001
  1.2456384659378429e-001
 -2.0976201060918251e-001
 -5.4762758039224819e-002
  6.4079137464468042e-002
 -2.6972333977363749e-001
  5.8994158125062320e-002
 -2.5340726020133930e-001
  1.3168404755543289e-001
 -3.4127270680173205e-001
 -5.5720109261808107e-002
 -3.5474998400812280e-002
 -3.0078788544825863e-001
  4.6952163267920316e-002
 -4.0206290164030090e-001
  7.0930590382247360e-002
 -2.9358785382551489e-001
  4.6180627188821641e-002
 -7.9933436381135717e-002
 -2.6945962433334031e-001
  8.9001689400376643e-002
 -4.2213628326246566e-001
  1.1560642727607053e-001
 -3.0992664291419642e-001
  5.2251672522011780e-002
 -3.0537697210062453e-001
 -3.0458574208510175e-001
  7.7425784584084251e-002
 -5.1240256556563424e-001
  1.9475501445555582e-001
 -6.0248472748384341e-001
  2.2884198389350185e-002
 -3.6197874807836616e-001
 -3.5281036510052932e-001
  4.1586248773999759e-002
 -6.7193572463223750e-001
  1.9368573533483585e-001
 -8.9757626242529387e-001
  3.0886294401163888e-001
 -7.1509787594174912e-001
 -3.5005762645982635e-001
 -8.9210259626324409e-002
 -1.3279537110616506e+000
  7.3580401604761825e-001
 -2.4350566656906558e+000
  9.8843625422785353e-001
 -4.6506627244156968e+000
 -7.5403044966709407e+000
  3.4705286838124434e+000
 -1.4697122395352278e+000
  5.7476855861449283e-001
 -6.7135249128094241e+000
 -1.1927198900461244e+001
  4.3141034215876122e+000
  1.8855354234759385e+000
  1.3404733748060642e+000
  1.3791933477500091e+000
  3.0980116580750621e+000
  8.1387624974266028e+000
 -1.8147798290501633e+000
 -6.9889052550876518e-001
  8.2549230087504955e-001
 -1.7355576871873573e+000
 -1.7494078372913582e-001
 -4.8792153006285982e-001
  1.1198293483512969e+000
 -4.9819955790991433e-001
  4.7798645167795145e-001
  3.8872631311037470e-001
 -1.3505394212724894e-001
  9.4810349671939409e-001
 -7.7248551725392622e-001
  1.7849297891144362e+000
  1.9033831733680358e+000
 -2.2025074783754145e-001
 -1.8032998571689476e-001
 -3.0443539662985044e-002
  2.0425531380255110e-001
 -1.2285006123658751e-001
  4.2929401582658983e-001
 -3.9793606199436865e-002
  1.6153238021558894e-001
  4.9578078349310412e-001
 -2.9206982713884938e-001
  1.6927123916470173e+000
  2.5314346297670354e+000
 -4.0212396392019051e-001
 -7.3119189648469352e-001
  2.5497703905493885e-001
 -4.0302921655301899e-001
  1.8906894781828160e-001
 -1.1500944791519348e-001
 -1.0658460011671088e-001
  9.7043773060879010e-002
 -3.3789619546972538e-001
  9.7867310700960344e-002
 -3.3745665278710973e-001
  5.9120934313561260e-002
 -4.4936098983745842e-002
 -3.9813987848890939e-002
  1.3887283658515978e-001
 -2.8017558315540392e-001
  2.5407543084037287e-001
 -7.4770822279052199e-002
  1.3636022230092293e-001
 -1.2483924820746231e-001
 -8.3681853793513117e-002
  1.6889952063570846e-001
 -2.4404070554111634e-001
  2.0268907569121980e-001
 -2.2266778842470808e-001
  9.6364149245219022e-002
 -2.9430931152314099e-002
 -6.1412260471051458e-002
  1.3783511448044300e-001
 -2.4213527374888683e-001
  1.8704273216511300e-001
 -1.5771491508782415e-001
  2.0872888603797934e-001
 -4.4396795839814041e-002
 -9.7696928374285438e-002
  1.1537326966559547e-001
 -2.3921548045828273e-001
  1.8419203292164338e-001
 -2.2120252318321060e-001
  1.0792634183526621e-001
 -1.2025365027232272e-001
 -9.6366765300240700e-002
  4.1473434923844352e-002
 -2.0417914543316365e-001
  1.6684951832368447e-001
 -2.9836246295603208e-001
  2.3720296125832024e-001
 -4.8390653082284851e-002
  9.3635555155391750e-002
  2.2668720892937311e-002
 -1.7326788651760322e-001
  3.9115409043117022e-001
 -3.5379473154812974e-001
  3.1789745558075916e-001
 -2.5265618535628492e-001
  5.6625664820987048e-002
  9.3285407837663155e-003
 -2.7451474065314307e-001
  5.3015524326797014e-001
 -7.6936361287380572e-001
  1.0272007826257412e+000
